# z=0.4992 a=0.667006 mass=0.9230806993
# k [h/Mpc]  P(k) [(Mpc/h)^3]  Nmodes
1.77992824e-02  1.24989415e+08  13
3.01582443e-02  1.24970310e+08  33
4.28958037e-02  1.24940118e+08  79
5.56732155e-02  1.24899507e+08  117
6.87019957e-02  1.24847010e+08  205
8.09577352e-02  1.24787957e+08  235
9.35343337e-02  1.24716998e+08  369
1.06164502e-01  1.24635698e+08  433
1.18907249e-01  1.24543130e+08  585
1.31524496e-01  1.24441358e+08  679
1.43932658e-01  1.24331312e+08  813
1.56557218e-01  1.24209214e+08  985
1.69407979e-01  1.24074475e+08  1183
1.81937092e-01  1.23933114e+08  1269
1.94415796e-01  1.23782343e+08  1537
2.06952608e-01  1.23621035e+08  1653
2.19515289e-01  1.23449363e+08  1963
2.32108617e-01  1.23267412e+08  2121
2.44733933e-01  1.23074998e+08  2413
2.57363453e-01  1.22872603e+08  2635
2.69900160e-01  1.22661874e+08  2877
2.82389912e-01  1.22442292e+08  3169
2.95026715e-01  1.22210333e+08  3507
3.07573015e-01  1.21970389e+08  3685
3.20131509e-01  1.21720510e+08  4165
3.32798234e-01  1.21458847e+08  4377
3.45439129e-01  1.21188038e+08  4855
3.57953043e-01  1.20910524e+08  4929
3.70470738e-01  1.20623512e+08  5581
3.82961357e-01  1.20327891e+08  5679
3.95577974e-01  1.20019899e+08  6385
4.08187547e-01  1.19702760e+08  6553
4.20787861e-01  1.19376577e+08  7125
4.33381942e-01  1.19041418e+08  7447
4.45940056e-01  1.18698093e+08  7929
4.58524005e-01  1.18345059e+08  8353
4.71028302e-01  1.17985320e+08  8775
4.83582117e-01  1.17615331e+08  9313
4.96171308e-01  1.17235501e+08  9841
5.08698451e-01  1.16848774e+08  10191
5.21266850e-01  1.16452184e+08  10897
5.33851474e-01  1.16046450e+08  11301
5.46484669e-01  1.15630458e+08  12025
5.59105936e-01  1.15206456e+08  12423
5.71673258e-01  1.14775887e+08  13021
5.84175254e-01  1.14339267e+08  13405
5.96689969e-01  1.13894110e+08  14247
6.09276528e-01  1.13438313e+08  14713
6.21855825e-01  1.12974723e+08  15489
6.34433634e-01  1.12503100e+08  15913
6.47037514e-01  1.12022709e+08  16879
6.59633644e-01  1.11534812e+08  17193
6.72235286e-01  1.11039103e+08  18157
6.84740075e-01  1.10539438e+08  18339
6.97295639e-01  1.10030346e+08  19573
7.09882323e-01  1.09512722e+08  19941
7.22383387e-01  1.08991017e+08  20629
7.34953418e-01  1.08459800e+08  21655
7.47529559e-01  1.07920681e+08  22113
7.60130806e-01  1.07373888e+08  23185
7.72707972e-01  1.06820817e+08  23667
7.85228036e-01  1.06263705e+08  24385
7.97852900e-01  1.05695120e+08  25749
8.10414649e-01  1.05122830e+08  25675
8.22983296e-01  1.04543815e+08  27409
8.35562854e-01  1.03957596e+08  27405
8.48080130e-01  1.03368378e+08  28717
8.60685138e-01  1.02768695e+08  29595
8.73271712e-01  1.02163635e+08  30301
8.85799237e-01  1.01555744e+08  31101
8.98326884e-01  1.00942324e+08  32023
9.10882829e-01  1.00321110e+08  32977
9.23526894e-01  9.96901320e+07  34449
9.36128848e-01  9.90557980e+07  34549
9.48697049e-01  9.84180123e+07  36111
9.61271227e-01  9.77740598e+07  36541
9.73803852e-01  9.71275050e+07  37717
9.86339420e-01  9.64761328e+07  38619
9.98901349e-01  9.58177857e+07  39661
1.01143181e+00  9.51565559e+07  40545
1.02398480e+00  9.44893232e+07  41815
1.03662522e+00  9.38133640e+07  43125
1.04921793e+00  9.31350291e+07  43681
1.06175146e+00  9.24558848e+07  44629
1.07431471e+00  9.17706091e+07  46227
1.08691591e+00  9.10792270e+07  46909
1.09948613e+00  9.03860045e+07  48237
1.11198749e+00  8.96918892e+07  48583
1.12457094e+00  8.89905489e+07  50997
1.13720231e+00  8.82826573e+07  51397
1.14976092e+00  8.75749137e+07  52489
1.16231004e+00  8.68642969e+07  53787
1.17487890e+00  8.61500399e+07  54913
1.18743524e+00  8.54332475e+07  55977
1.19999439e+00  8.47128529e+07  57415
1.21253582e+00  8.39911803e+07  58105
1.22509392e+00  8.32660133e+07  60033
1.23769555e+00  8.25348828e+07  60949
1.25026211e+00  8.18036744e+07  62235
1.26280549e+00  8.10719933e+07  63229
1.27540071e+00  8.03349467e+07  65133
1.28797156e+00  7.95968693e+07  65707
1.30053708e+00  7.88569150e+07  67561
1.31311722e+00  7.81153867e+07  68505
1.32567386e+00  7.73724190e+07  69943
1.33823709e+00  7.66281257e+07  71097
1.35081404e+00  7.58811646e+07  73021
1.36336710e+00  7.51345562e+07  73317
1.37591851e+00  7.43876191e+07  75799
1.38846886e+00  7.36381992e+07  76021
1.40103508e+00  7.28873441e+07  78753
1.41362499e+00  7.21351866e+07  79291
1.42620380e+00  7.13822012e+07  81129
1.43878365e+00  7.06288799e+07  82441
1.45136676e+00  6.98740414e+07  83949
1.46393054e+00  6.91222419e+07  85123
1.47650160e+00  6.83673734e+07  86929
1.48905317e+00  6.76149613e+07  87789
1.50157422e+00  6.68636573e+07  89623
1.51415169e+00  6.61107821e+07  91341
1.52672825e+00  6.53564661e+07  92845
1.53929259e+00  6.46035627e+07  94087
1.55187897e+00  6.38509853e+07  96333
1.56446583e+00  6.30974841e+07  97249
1.57706299e+00  6.23458695e+07  99501
1.58957931e+00  6.15989591e+07  99283
1.60209822e+00  6.08535090e+07  102537
1.61467281e+00  6.01051407e+07  103477
1.62724590e+00  5.93587081e+07  105751
1.63983060e+00  5.86120479e+07  106869
1.65239053e+00  5.78705300e+07  108697
1.66497941e+00  5.71260368e+07  110577
1.67759186e+00  5.63840958e+07  112555
1.69012693e+00  5.56474842e+07  112593
1.70265657e+00  5.49140801e+07  115573
1.71523965e+00  5.41781695e+07  117283
1.72781170e+00  5.34460561e+07  118581
1.74036775e+00  5.27174984e+07  120625
1.75292822e+00  5.19904223e+07  121935
1.76550077e+00  5.12655594e+07  124441
1.77806655e+00  5.05425545e+07  125517
1.79061685e+00  4.98251196e+07  127357
1.80319130e+00  4.91080905e+07  129895
1.81576667e+00  4.83927588e+07  130701
1.82834882e+00  4.76825303e+07  133921
1.84092616e+00  4.69737843e+07  134187
1.85348688e+00  4.62702825e+07  137125
1.86606484e+00  4.55682746e+07  138457
1.87865316e+00  4.48695066e+07  140937
1.89119496e+00  4.41773887e+07  141367
1.90373200e+00  4.34886417e+07  144381
1.91628265e+00  4.28028143e+07  145549
1.92887019e+00  4.21188818e+07  149139
1.94147113e+00  4.14380838e+07  149641
1.95401615e+00  4.07640468e+07  151825
1.96656467e+00  4.00949230e+07  153453
1.97911394e+00  3.94283786e+07  155887
1.99169126e+00  3.87659416e+07  158121
2.00427242e+00  3.81070333e+07  159841
2.01680965e+00  3.74553465e+07  161175
2.02938830e+00  3.68045638e+07  164677
2.04198511e+00  3.61593996e+07  166057
2.05454796e+00  3.55186693e+07  167703
2.06711836e+00  3.48843551e+07  170269
2.07969511e+00  3.42532918e+07  172257
2.09225395e+00  3.36277832e+07  173653
2.10480687e+00  3.30084120e+07  176619
2.11736141e+00  3.23940219e+07  177565
2.12992867e+00  3.17834648e+07  181285
2.14251355e+00  3.11761610e+07  182547
2.15508810e+00  3.05775202e+07  184993
2.16764964e+00  2.99830489e+07  186777
2.18021605e+00  2.93929727e+07  189073
2.19277933e+00  2.88093096e+07  191491
2.20536226e+00  2.82307168e+07  193845
2.21792610e+00  2.76585152e+07  195181
2.23045086e+00  2.70928135e+07  197319
2.24300426e+00  2.65318391e+07  200233
2.25558515e+00  2.59757461e+07  203037
2.26817911e+00  2.54239719e+07  204871
2.28072810e+00  2.48815829e+07  206221
2.29327836e+00  2.43428160e+07  209529
2.30588483e+00  2.38093757e+07  212545
2.31845781e+00  2.32826110e+07  213207
2.33101744e+00  2.27624328e+07  216577
2.34358615e+00  2.22475127e+07  218193
2.35617487e+00  2.17387203e+07  222151
2.36873531e+00  2.12368693e+07  221641
2.38126928e+00  2.07419174e+07  226173
2.39382442e+00  2.02528101e+07  226981
2.40640315e+00  1.97687148e+07  231903
2.41897369e+00  1.92904909e+07  231493
2.43152780e+00  1.88200321e+07  236041
2.44409951e+00  1.83554214e+07  237231
2.45668123e+00  1.78961072e+07  240925
2.46926597e+00  1.74437455e+07  242769
2.48180449e+00  1.69979631e+07  243757
2.49434968e+00  1.65611245e+07  247983
2.50693092e+00  1.61257864e+07  250273
2.51949990e+00  1.57003706e+07  252373
2.53206429e+00  1.52805930e+07  255447
2.54463258e+00  1.48669920e+07  257089
2.55720831e+00  1.44595246e+07  261237
2.56977318e+00  1.40575599e+07  261667
2.58235084e+00  1.36647517e+07  266889
2.59493145e+00  1.32762127e+07  267049
2.60748365e+00  1.28959865e+07  270577
2.62003465e+00  1.25212774e+07  272643
2.63260290e+00  1.21540414e+07  276205
2.64517352e+00  1.17922989e+07  278169
2.65773098e+00  1.14368767e+07  280819
2.67028961e+00  1.10884332e+07  283629
2.68288103e+00  1.07469854e+07  287737
2.69546174e+00  1.04107555e+07  288229
2.70800318e+00  1.00820696e+07  291519
2.72056522e+00  9.76018715e+06  294697
2.73313137e+00  9.44448744e+06  296817
2.74570300e+00  9.13528504e+06  300739
2.75827075e+00  8.83047185e+06  301921
2.77081913e+00  8.53628496e+06  305457
2.78339728e+00  8.24573068e+06  308839
2.79596890e+00  7.96124213e+06  310641
2.80853577e+00  7.68432497e+06  314485
2.82110956e+00  7.41370063e+06  316113
2.83367567e+00  7.14934722e+06  320275
2.84623635e+00  6.89103353e+06  321109
2.85879560e+00  6.64044899e+06  326121
2.87137384e+00  6.39377522e+06  327727
2.88395424e+00  6.15579761e+06  331821
2.89650734e+00  5.92194757e+06  332497
2.90906470e+00  5.69621777e+06  337353
2.92163864e+00  5.47634056e+06  339559
2.93422073e+00  5.26212441e+06  343309
2.94678582e+00  5.05462185e+06  344757
2.95933993e+00  4.85190506e+06  348703
2.97191229e+00  4.65778748e+06  351261
2.98446722e+00  4.46828374e+06  354061
2.99700494e+00  4.28582486e+06  356115
3.00957150e+00  4.11003804e+06  361669
3.02215198e+00  3.93830750e+06  362893
3.03472327e+00  3.77244819e+06  367101
3.04729714e+00  3.61446645e+06  369439
3.05987607e+00  3.46070357e+06  373257
3.07246035e+00  3.31546836e+06  375949
3.08502144e+00  3.17347755e+06  378043
3.09756793e+00  3.03974531e+06  381117
3.11014614e+00  2.91066007e+06  386449
3.12271465e+00  2.78781340e+06  386397
3.13525824e+00  2.67231576e+06  391315
3.14782739e+00  2.55975665e+06  394305
3.16040709e+00  2.45743336e+06  398077
3.17297079e+00  2.35621544e+06  399919
3.18552003e+00  2.26389608e+06  403113
3.19809287e+00  2.17742762e+06  408229
3.21068427e+00  2.09378134e+06  410313
3.22323954e+00  2.02823577e+06  410275
3.23579434e+00  1.96810972e+06  409302
3.24836542e+00  1.91673172e+06  407782
3.26092816e+00  1.86841211e+06  405898
3.27349649e+00  1.82476215e+06  404322
3.28606028e+00  1.78753118e+06  402628
3.29861616e+00  1.75345179e+06  399792
3.31118450e+00  1.72871163e+06  400264
3.32375655e+00  1.70349140e+06  396336
3.33633648e+00  1.68452196e+06  396964
3.34889912e+00  1.67130171e+06  391834
3.36144277e+00  1.66162361e+06  391704
3.37402431e+00  1.65932656e+06  390736
3.38661496e+00  1.65812672e+06  388266
3.39916129e+00  1.66501835e+06  383920
3.41172359e+00  1.67443080e+06  385612
3.42430345e+00  1.68641100e+06  380790
3.43687077e+00  1.70739930e+06  380950
3.44943689e+00  1.73111359e+06  376536
3.46198984e+00  1.75902019e+06  375850
3.47457272e+00  1.78980928e+06  374580
3.48713261e+00  1.82646061e+06  369724
3.49967202e+00  1.86776147e+06  369454
3.51224656e+00  1.91292956e+06  367290
3.52482123e+00  1.96240146e+06  364912
3.53738716e+00  2.01413261e+06  362736
3.54995350e+00  2.07434845e+06  359926
3.56252724e+00  2.13686150e+06  359118
3.57509150e+00  2.19889608e+06  354340
3.58765458e+00  2.27256887e+06  354730
3.60021544e+00  2.34431352e+06  349482
3.61278183e+00  2.42460984e+06  349990
3.62534903e+00  2.50496282e+06  345150
3.63790727e+00  2.58987120e+06  344170
3.65047701e+00  2.68227560e+06  341434
3.66304737e+00  2.77019565e+06  338850
3.67562082e+00  2.87406164e+06  336604
3.68819285e+00  2.97092511e+06  333960
3.70075384e+00  3.07745164e+06  330760
3.71332149e+00  3.18539723e+06  329190
3.72588720e+00  3.29332703e+06  325372
3.73844410e+00  3.41680784e+06  323614
3.75101563e+00  3.52778415e+06  320874
3.76358999e+00  3.65375008e+06  318076
3.77615563e+00  3.77835480e+06  315366
3.78870489e+00  3.90687919e+06  311662
3.80127594e+00  4.04316759e+06  311028
3.81385667e+00  4.17117731e+06  306496
3.82640443e+00  4.32050183e+06  303694
3.83896447e+00  4.45705012e+06  301908
3.85154021e+00  4.60275183e+06  298156
3.86412982e+00  4.75251721e+06  297204
3.87668142e+00  4.89888262e+06  290380
3.88921657e+00  5.06259269e+06  290634
3.90179372e+00  5.21147189e+06  286594
3.91437624e+00  5.37465985e+06  284398
3.92695018e+00  5.54456687e+06  280884
3.93951066e+00  5.70121566e+06  277246
3.95208275e+00  5.87713943e+06  275466
3.96466521e+00  6.04322949e+06  271528
3.97722344e+00  6.22770186e+06  268048
3.98977586e+00  6.39240803e+06  265458
4.00234608e+00  6.57445897e+06  261892
4.01490524e+00  6.76559484e+06  259134
4.02745444e+00  6.93568888e+06  254926
4.04002216e+00  7.13652096e+06  253314
4.05260811e+00  7.31486194e+06  249346
4.06517472e+00  7.51086747e+06  245680
4.07772201e+00  7.70722342e+06  242442
4.09028980e+00  7.88285301e+06  239386
4.10287367e+00  8.10553698e+06  236544
4.11544764e+00  8.28922186e+06  232294
4.12800893e+00  8.49609466e+06  229044
4.14058557e+00  8.69881381e+06  226300
4.15316944e+00  8.89093510e+06  221938
4.16570849e+00  9.11801006e+06  218262
4.17824518e+00  9.29204734e+06  214594
4.19083460e+00  9.52247863e+06  212892
4.20340609e+00  9.72742134e+06  207190
4.21594547e+00  9.92974747e+06  204354
4.22851159e+00  1.01430852e+07  201232
4.24107578e+00  1.03243479e+07  196600
4.25364150e+00  1.05838200e+07  194238
4.26621340e+00  1.07551337e+07  189526
4.27880024e+00  1.09731475e+07  186828
4.29137880e+00  1.11874103e+07  182296
4.30391579e+00  1.13665773e+07  177748
4.31648067e+00  1.16040931e+07  175806
4.32906096e+00  1.17679446e+07  170470
4.34163434e+00  1.20042159e+07  167646
4.35419826e+00  1.21915625e+07  163120
4.36675348e+00  1.23415853e+07  158982
4.37930905e+00  1.25922093e+07  155878
4.39187628e+00  1.26876331e+07  151030
4.40443446e+00  1.29710611e+07  147948
4.41699700e+00  1.30389599e+07  143248
4.42958745e+00  1.32629507e+07  140124
4.44215164e+00  1.33862556e+07  135202
4.45467624e+00  1.34997654e+07  130662
4.46725585e+00  1.36725640e+07  128578
4.47985758e+00  1.37184074e+07  122566
4.49240168e+00  1.38995418e+07  119304
4.50496214e+00  1.38945794e+07  114700
4.51751987e+00  1.39544654e+07  110592
4.53007553e+00  1.40060446e+07  106510
4.54260782e+00  1.39887852e+07  101716
4.55517946e+00  1.39612376e+07  98715
4.56779661e+00  1.39682727e+07  94615
4.58034002e+00  1.40120228e+07  90513
4.59290715e+00  1.40916434e+07  88351
4.60550746e+00  1.40921798e+07  84555
4.61806652e+00  1.41672378e+07  81709
4.63061348e+00  1.42529341e+07  78724
4.64316981e+00  1.42947654e+07  76233
4.65575170e+00  1.43680520e+07  73561
4.66831088e+00  1.44326050e+07  70830
4.68083874e+00  1.45280999e+07  68230
4.69341420e+00  1.45827459e+07  66498
4.70600658e+00  1.46426994e+07  63586
4.71857979e+00  1.47610806e+07  61774
4.73110775e+00  1.48480632e+07  58794
4.74365157e+00  1.48869085e+07  57547
4.75628181e+00  1.49871239e+07  55350
4.76885619e+00  1.50947095e+07  53023
4.78138516e+00  1.51657527e+07  51099
4.79397628e+00  1.52454833e+07  49555
4.80660710e+00  1.53389059e+07  47659
4.81914615e+00  1.54399875e+07  45291
4.83166160e+00  1.55171187e+07  43999
4.84428771e+00  1.55936702e+07  42483
4.85686012e+00  1.57069754e+07  40327
4.86935554e+00  1.58242882e+07  38827
4.88194043e+00  1.58742627e+07  37683
4.89459796e+00  1.59716762e+07  36055
4.90713824e+00  1.61050353e+07  34098
4.91960008e+00  1.62242651e+07  32779
4.93221847e+00  1.62938953e+07  31992
4.94482861e+00  1.63763996e+07  29959
4.95732710e+00  1.65559536e+07  28828
4.96986863e+00  1.66586543e+07  27615
4.98248566e+00  1.67216083e+07  26488
4.99511075e+00  1.68681539e+07  25203
5.00760758e+00  1.70300646e+07  23656
5.02010091e+00  1.71131673e+07  22887
5.03277631e+00  1.72532657e+07  21952
5.04539390e+00  1.73747256e+07  20500
5.05782424e+00  1.75946321e+07  19323
5.07038990e+00  1.76276543e+07  18814
5.08310603e+00  1.78314861e+07  17688
5.09566720e+00  1.79971675e+07  16504
5.10805545e+00  1.81728656e+07  15444
5.12067144e+00  1.82832182e+07  15151
5.13344763e+00  1.84688264e+07  14032
5.14589503e+00  1.86934708e+07  12792
5.15822505e+00  1.88589179e+07  12256
5.17095099e+00  1.90323894e+07  11844
5.18370039e+00  1.92689228e+07  10780
5.19611864e+00  1.95040182e+07  9868
5.20859432e+00  1.96638260e+07  9486
5.22134900e+00  1.99025410e+07  8824
5.23386567e+00  2.01688091e+07  7896
5.24601709e+00  2.04793927e+07  7228
5.25879506e+00  2.06379743e+07  7332
5.27182115e+00  2.09367738e+07  6292
5.28405957e+00  2.12822746e+07  5524
5.29607902e+00  2.15882339e+07  5172
5.30908192e+00  2.18355112e+07  5188
5.32236057e+00  2.21940637e+07  4386
5.33439029e+00  2.26226203e+07  3520
5.34618180e+00  2.29362881e+07  3516
5.35946353e+00  2.32766649e+07  3388
5.37293386e+00  2.37187450e+07  2800
5.38439671e+00  2.42050787e+07  1932
5.39592935e+00  2.45676849e+07  2236
5.40978388e+00  2.50477185e+07  2013
5.42364053e+00  2.55742610e+07  1576
5.43419581e+00  2.61071430e+07  846
5.44557289e+00  2.65302221e+07  1228
5.45989569e+00  2.71804877e+07  964
5.47413058e+00  2.78567069e+07  717
5.48497641e+00  2.84264161e+07  304
5.49574664e+00  2.89773892e+07  444
5.51008628e+00  2.97701668e+07  292
5.52439869e+00  3.06075195e+07  172
5.53578558e+00  3.13068614e+07  51
5.54566396e+00  3.19425932e+07  52
5.55931162e+00  3.28599878e+07  12
5.57199165e+00  3.37536303e+07  1
