# z=2.0049 a=0.332786 mass=0.9281823632
# k [h/Mpc]  P(k) [(Mpc/h)^3]  Nmodes
1.77992824e-02  4.55112434e+03  13
3.01582443e-02  3.61816003e+03  33
4.28958037e-02  2.69271199e+03  79
5.56732155e-02  2.09950923e+03  117
6.87019957e-02  1.79641430e+03  205
8.09577352e-02  1.49828391e+03  235
9.35343337e-02  1.20076625e+03  369
1.06164502e-01  9.60187781e+02  433
1.18907249e-01  8.39300654e+02  585
1.31524496e-01  7.36482952e+02  679
1.43932658e-01  6.43195985e+02  813
1.56557218e-01  5.43506145e+02  985
1.69407979e-01  4.65023830e+02  1183
1.81937092e-01  4.24364930e+02  1269
1.94415796e-01  3.84035252e+02  1537
2.06952608e-01  3.42369572e+02  1653
2.19515289e-01  3.05889374e+02  1963
2.32108617e-01  2.85904032e+02  2121
2.44733933e-01  2.64924032e+02  2413
2.57363453e-01  2.37813431e+02  2635
2.69900160e-01  2.17524274e+02  2877
2.82389912e-01  2.00856080e+02  3169
2.95026715e-01  1.88768878e+02  3507
3.07573015e-01  1.78929286e+02  3685
3.20131509e-01  1.59537328e+02  4165
3.32798234e-01  1.55010700e+02  4377
3.45439129e-01  1.42587182e+02  4855
3.57953043e-01  1.32334105e+02  4929
3.70470738e-01  1.28359700e+02  5581
3.82961357e-01  1.22966397e+02  5679
3.95577974e-01  1.13087271e+02  6385
4.08187547e-01  1.09157156e+02  6553
4.20787861e-01  1.03771304e+02  7125
4.33381942e-01  9.74369151e+01  7447
4.45940056e-01  9.27771592e+01  7929
4.58524005e-01  9.03814846e+01  8353
4.71028302e-01  8.38017297e+01  8775
4.83582117e-01  8.11382981e+01  9313
4.96171308e-01  7.84596071e+01  9841
5.08698451e-01  7.41707443e+01  10191
5.21266850e-01  7.11366251e+01  10897
5.33851474e-01  6.87405374e+01  11301
5.46484669e-01  6.57006654e+01  12025
5.59105936e-01  6.43590827e+01  12423
5.71673258e-01  6.04678275e+01  13021
5.84175254e-01  5.92092676e+01  13405
5.96689969e-01  5.79934075e+01  14247
6.09276528e-01  5.43442468e+01  14713
6.21855825e-01  5.34758100e+01  15489
6.34433634e-01  5.13214915e+01  15913
6.47037514e-01  5.03128131e+01  16879
6.59633644e-01  4.87127044e+01  17193
6.72235286e-01  4.75815246e+01  18157
6.84740075e-01  4.62137015e+01  18339
6.97295639e-01  4.46993636e+01  19573
7.09882323e-01  4.35420369e+01  19941
7.22383387e-01  4.12459683e+01  20629
7.34953418e-01  4.07036367e+01  21655
7.47529559e-01  3.96464994e+01  22113
7.60130806e-01  3.95417559e+01  23185
7.72707972e-01  3.77124940e+01  23667
7.85228036e-01  3.69137474e+01  24385
7.97852900e-01  3.60964117e+01  25749
8.10414649e-01  3.50313955e+01  25675
8.22983296e-01  3.44559186e+01  27409
8.35562854e-01  3.35830659e+01  27405
8.48080130e-01  3.23589825e+01  28717
8.60685138e-01  3.22735136e+01  29595
8.73271712e-01  3.11950470e+01  30301
8.85799237e-01  3.07602735e+01  31101
8.98326884e-01  2.99212584e+01  32023
9.10882829e-01  2.94547180e+01  32977
9.23526894e-01  2.89769708e+01  34449
9.36128848e-01  2.83013618e+01  34549
9.48697049e-01  2.77059946e+01  36111
9.61271227e-01  2.72460521e+01  36541
9.73803852e-01  2.69300837e+01  37717
9.86339420e-01  2.58863710e+01  38619
9.98901349e-01  2.56701025e+01  39661
1.01143181e+00  2.52294220e+01  40545
1.02398480e+00  2.48466415e+01  41815
1.03662522e+00  2.42655044e+01  43125
1.04921793e+00  2.40574610e+01  43681
1.06175146e+00  2.35155501e+01  44629
1.07431471e+00  2.31901502e+01  46227
1.08691591e+00  2.26828297e+01  46909
1.09948613e+00  2.23324704e+01  48237
1.11198749e+00  2.19008422e+01  48583
1.12457094e+00  2.16794737e+01  50997
1.13720231e+00  2.14369363e+01  51397
1.14976092e+00  2.11272289e+01  52489
1.16231004e+00  2.07651022e+01  53787
1.17487890e+00  2.03970588e+01  54913
1.18743524e+00  2.01170770e+01  55977
1.19999439e+00  1.96496845e+01  57415
1.21253582e+00  1.94947564e+01  58105
1.22509392e+00  1.91974729e+01  60033
1.23769555e+00  1.89999918e+01  60949
1.25026211e+00  1.86745482e+01  62235
1.26280549e+00  1.83277898e+01  63229
1.27540071e+00  1.82408079e+01  65133
1.28797156e+00  1.79277504e+01  65707
1.30053708e+00  1.76004007e+01  67561
1.31311722e+00  1.74346657e+01  68505
1.32567386e+00  1.71596294e+01  69943
1.33823709e+00  1.69862373e+01  71097
1.35081404e+00  1.67168078e+01  73021
1.36336710e+00  1.66207495e+01  73317
1.37591851e+00  1.63294686e+01  75799
1.38846886e+00  1.61407227e+01  76021
1.40103508e+00  1.60374522e+01  78753
1.41362499e+00  1.58098834e+01  79291
1.42620380e+00  1.56310100e+01  81129
1.43878365e+00  1.55519875e+01  82441
1.45136676e+00  1.53285243e+01  83949
1.46393054e+00  1.50765301e+01  85123
1.47650160e+00  1.49599025e+01  86929
1.48905317e+00  1.46812954e+01  87789
1.50157422e+00  1.45428278e+01  89623
1.51415169e+00  1.44341124e+01  91341
1.52672825e+00  1.42218910e+01  92845
1.53929259e+00  1.41966089e+01  94087
1.55187897e+00  1.40172880e+01  96333
1.56446583e+00  1.37599856e+01  97249
1.57706299e+00  1.37100956e+01  99501
1.58957931e+00  1.35985511e+01  99283
1.60209822e+00  1.34083429e+01  102537
1.61467281e+00  1.32781050e+01  103477
1.62724590e+00  1.31279886e+01  105751
1.63983060e+00  1.30308355e+01  106869
1.65239053e+00  1.28861827e+01  108697
1.66497941e+00  1.28511121e+01  110577
1.67759186e+00  1.26875813e+01  112555
1.69012693e+00  1.26073543e+01  112593
1.70265657e+00  1.24014284e+01  115573
1.71523965e+00  1.22936929e+01  117283
1.72781170e+00  1.22123854e+01  118581
1.74036775e+00  1.20642619e+01  120625
1.75292822e+00  1.19678945e+01  121935
1.76550077e+00  1.18605465e+01  124441
1.77806655e+00  1.17673829e+01  125517
1.79061685e+00  1.16788803e+01  127357
1.80319130e+00  1.15090253e+01  129895
1.81576667e+00  1.14802627e+01  130701
1.82834882e+00  1.13874799e+01  133921
1.84092616e+00  1.12673526e+01  134187
1.85348688e+00  1.11559619e+01  137125
1.86606484e+00  1.10900606e+01  138457
1.87865316e+00  1.10036385e+01  140937
1.89119496e+00  1.08978508e+01  141367
1.90373200e+00  1.08170598e+01  144381
1.91628265e+00  1.07266275e+01  145549
1.92887019e+00  1.06196127e+01  149139
1.94147113e+00  1.06263320e+01  149641
1.95401615e+00  1.04517925e+01  151825
1.96656467e+00  1.03477544e+01  153453
1.97911394e+00  1.03029000e+01  155887
1.99169126e+00  1.02766301e+01  158121
2.00427242e+00  1.01855646e+01  159841
2.01680965e+00  1.00853981e+01  161175
2.02938830e+00  1.00086447e+01  164677
2.04198511e+00  9.96135646e+00  166057
2.05454796e+00  9.85217081e+00  167703
2.06711836e+00  9.75902429e+00  170269
2.07969511e+00  9.67979564e+00  172257
2.09225395e+00  9.61009545e+00  173653
2.10480687e+00  9.60513029e+00  176619
2.11736141e+00  9.53542074e+00  177565
2.12992867e+00  9.51189948e+00  181285
2.14251355e+00  9.35834551e+00  182547
2.15508810e+00  9.31088545e+00  184993
2.16764964e+00  9.28381594e+00  186777
2.18021605e+00  9.20472889e+00  189073
2.19277933e+00  9.11081108e+00  191491
2.20536226e+00  9.08884633e+00  193845
2.21792610e+00  9.04123468e+00  195181
2.23045086e+00  8.96074679e+00  197319
2.24300426e+00  8.89727116e+00  200233
2.25558515e+00  8.86252844e+00  203037
2.26817911e+00  8.80545550e+00  204871
2.28072810e+00  8.78019699e+00  206221
2.29327836e+00  8.73226028e+00  209529
2.30588483e+00  8.63317086e+00  212545
2.31845781e+00  8.58322652e+00  213207
2.33101744e+00  8.57792693e+00  216577
2.34358615e+00  8.48501406e+00  218193
2.35617487e+00  8.45202320e+00  222151
2.36873531e+00  8.39702331e+00  221641
2.38126928e+00  8.37114749e+00  226173
2.39382442e+00  8.28611942e+00  226981
2.40640315e+00  8.26523886e+00  231903
2.41897369e+00  8.21733818e+00  231493
2.43152780e+00  8.16317325e+00  236041
2.44409951e+00  8.13867998e+00  237231
2.45668123e+00  8.09724438e+00  240925
2.46926597e+00  8.06264486e+00  242769
2.48180449e+00  7.99890653e+00  243757
2.49434968e+00  7.97394373e+00  247983
2.50693092e+00  7.94504356e+00  250273
2.51949990e+00  7.90880734e+00  252373
2.53206429e+00  7.90061169e+00  255447
2.54463258e+00  7.84070958e+00  257089
2.55720831e+00  7.77600930e+00  261237
2.56977318e+00  7.74810731e+00  261667
2.58235084e+00  7.71844418e+00  266889
2.59493145e+00  7.67140642e+00  267049
2.60748365e+00  7.65426617e+00  270577
2.62003465e+00  7.62493162e+00  272643
2.63260290e+00  7.59701507e+00  276205
2.64517352e+00  7.53806146e+00  278169
2.65773098e+00  7.54080637e+00  280819
2.67028961e+00  7.49593478e+00  283629
2.68288103e+00  7.47620070e+00  287737
2.69546174e+00  7.45712658e+00  288229
2.70800318e+00  7.42980425e+00  291519
2.72056522e+00  7.39755981e+00  294697
2.73313137e+00  7.39661749e+00  296817
2.74570300e+00  7.36439332e+00  300739
2.75827075e+00  7.34663252e+00  301921
2.77081913e+00  7.32795097e+00  305457
2.78339728e+00  7.29987744e+00  308839
2.79596890e+00  7.28293931e+00  310641
2.80853577e+00  7.25228252e+00  314485
2.82110956e+00  7.25108505e+00  316113
2.83367567e+00  7.21349600e+00  320275
2.84623635e+00  7.20851309e+00  321109
2.85879560e+00  7.20766387e+00  326121
2.87137384e+00  7.17503145e+00  327727
2.88395424e+00  7.18919790e+00  331821
2.89650734e+00  7.16702293e+00  332497
2.90906470e+00  7.13928391e+00  337353
2.92163864e+00  7.12913472e+00  339559
2.93422073e+00  7.11302429e+00  343309
2.94678582e+00  7.13149319e+00  344757
2.95933993e+00  7.15275354e+00  348703
2.97191229e+00  7.10917437e+00  351261
2.98446722e+00  7.10208847e+00  354061
2.99700494e+00  7.12201443e+00  356115
3.00957150e+00  7.11526425e+00  361669
3.02215198e+00  7.11246453e+00  362893
3.03472327e+00  7.09376850e+00  367101
3.04729714e+00  7.10984332e+00  369439
3.05987607e+00  7.13341776e+00  373257
3.07246035e+00  7.11944259e+00  375949
3.08502144e+00  7.10458786e+00  378043
3.09756793e+00  7.14811837e+00  381117
3.11014614e+00  7.13695100e+00  386449
3.12271465e+00  7.16559585e+00  386397
3.13525824e+00  7.17827086e+00  391315
3.14782739e+00  7.18960318e+00  394305
3.16040709e+00  7.19418518e+00  398077
3.17297079e+00  7.24349904e+00  399919
3.18552003e+00  7.27648735e+00  403113
3.19809287e+00  7.25813405e+00  408229
3.21068427e+00  7.28222134e+00  410313
3.22323954e+00  7.28028722e+00  410275
3.23579434e+00  7.24828888e+00  409302
3.24836542e+00  7.25014418e+00  407782
3.26092816e+00  7.20107432e+00  405898
3.27349649e+00  7.20665602e+00  404322
3.28606028e+00  7.16476142e+00  402628
3.29861616e+00  7.16535522e+00  399792
3.31118450e+00  7.13288290e+00  400264
3.32375655e+00  7.11403530e+00  396336
3.33633648e+00  7.10065996e+00  396964
3.34889912e+00  7.09759112e+00  391834
3.36144277e+00  7.05670626e+00  391704
3.37402431e+00  7.05722531e+00  390736
3.38661496e+00  7.02541945e+00  388266
3.39916129e+00  7.01252955e+00  383920
3.41172359e+00  7.00390650e+00  385612
3.42430345e+00  6.97781942e+00  380790
3.43687077e+00  6.96976812e+00  380950
3.44943689e+00  6.93633706e+00  376536
3.46198984e+00  6.93108850e+00  375850
3.47457272e+00  6.93282704e+00  374580
3.48713261e+00  6.88557326e+00  369724
3.49967202e+00  6.89039039e+00  369454
3.51224656e+00  6.86464884e+00  367290
3.52482123e+00  6.86645902e+00  364912
3.53738716e+00  6.84366649e+00  362736
3.54995350e+00  6.84198447e+00  359926
3.56252724e+00  6.83529406e+00  359118
3.57509150e+00  6.81565580e+00  354340
3.58765458e+00  6.80776968e+00  354730
3.60021544e+00  6.80333583e+00  349482
3.61278183e+00  6.81558953e+00  349990
3.62534903e+00  6.78524996e+00  345150
3.63790727e+00  6.78412232e+00  344170
3.65047701e+00  6.76997693e+00  341434
3.66304737e+00  6.77254886e+00  338850
3.67562082e+00  6.75638873e+00  336604
3.68819285e+00  6.73707008e+00  333960
3.70075384e+00  6.77208895e+00  330760
3.71332149e+00  6.73170639e+00  329190
3.72588720e+00  6.74999941e+00  325372
3.73844410e+00  6.72906490e+00  323614
3.75101563e+00  6.71808943e+00  320874
3.76358999e+00  6.75516802e+00  318076
3.77615563e+00  6.75173829e+00  315366
3.78870489e+00  6.75142014e+00  311662
3.80127594e+00  6.75635872e+00  311028
3.81385667e+00  6.74502936e+00  306496
3.82640443e+00  6.75151657e+00  303694
3.83896447e+00  6.74787231e+00  301908
3.85154021e+00  6.73874229e+00  298156
3.86412982e+00  6.74182849e+00  297204
3.87668142e+00  6.74897243e+00  290380
3.88921657e+00  6.77757727e+00  290634
3.90179372e+00  6.76678383e+00  286594
3.91437624e+00  6.77549897e+00  284398
3.92695018e+00  6.81622331e+00  280884
3.93951066e+00  6.79091234e+00  277246
3.95208275e+00  6.80967857e+00  275466
3.96466521e+00  6.82378322e+00  271528
3.97722344e+00  6.82856617e+00  268048
3.98977586e+00  6.85843045e+00  265458
4.00234608e+00  6.88000484e+00  261892
4.01490524e+00  6.87438712e+00  259134
4.02745444e+00  6.88625301e+00  254926
4.04002216e+00  6.92976373e+00  253314
4.05260811e+00  6.93373012e+00  249346
4.06517472e+00  6.95239319e+00  245680
4.07772201e+00  6.96329467e+00  242442
4.09028980e+00  6.96960348e+00  239386
4.10287367e+00  7.01789691e+00  236544
4.11544764e+00  7.04310460e+00  232294
4.12800893e+00  7.05146366e+00  229044
4.14058557e+00  7.09211324e+00  226300
4.15316944e+00  7.10784341e+00  221938
4.16570849e+00  7.14712071e+00  218262
4.17824518e+00  7.16832117e+00  214594
4.19083460e+00  7.19382550e+00  212892
4.20340609e+00  7.22262885e+00  207190
4.21594547e+00  7.24670006e+00  204354
4.22851159e+00  7.29365057e+00  201232
4.24107578e+00  7.30623235e+00  196600
4.25364150e+00  7.32989212e+00  194238
4.26621340e+00  7.36432629e+00  189526
4.27880024e+00  7.41112726e+00  186828
4.29137880e+00  7.42179412e+00  182296
4.30391579e+00  7.46955962e+00  177748
4.31648067e+00  7.51191280e+00  175806
4.32906096e+00  7.54197625e+00  170470
4.34163434e+00  7.59280224e+00  167646
4.35419826e+00  7.64382588e+00  163120
4.36675348e+00  7.70429285e+00  158982
4.37930905e+00  7.67721636e+00  155878
4.39187628e+00  7.74015330e+00  151030
4.40443446e+00  7.77770653e+00  147948
4.41699700e+00  7.75809647e+00  143248
4.42958745e+00  7.88046038e+00  140124
4.44215164e+00  7.83342574e+00  135202
4.45467624e+00  7.87128669e+00  130662
4.46725585e+00  7.92518736e+00  128578
4.47985758e+00  7.92567387e+00  122566
4.49240168e+00  7.91690279e+00  119304
4.50496214e+00  7.92439405e+00  114700
4.51751987e+00  7.95563186e+00  110592
4.53007553e+00  7.93200319e+00  106510
4.54260782e+00  7.89513908e+00  101716
4.55517946e+00  7.83094158e+00  98715
4.56779661e+00  7.87776283e+00  94615
4.58034002e+00  7.85923762e+00  90513
4.59290715e+00  7.87338784e+00  88351
4.60550746e+00  7.85248918e+00  84555
4.61806652e+00  7.85691754e+00  81709
4.63061348e+00  7.87000528e+00  78724
4.64316981e+00  7.85384487e+00  76233
4.65575170e+00  7.87745581e+00  73561
4.66831088e+00  7.91788307e+00  70830
4.68083874e+00  7.91405656e+00  68230
4.69341420e+00  7.93279334e+00  66498
4.70600658e+00  7.98277513e+00  63586
4.71857979e+00  8.01818464e+00  61774
4.73110775e+00  8.05220211e+00  58794
4.74365157e+00  8.05277251e+00  57547
4.75628181e+00  8.08255852e+00  55350
4.76885619e+00  8.19158742e+00  53023
4.78138516e+00  8.10789521e+00  51099
4.79397628e+00  8.16340436e+00  49555
4.80660710e+00  8.24266917e+00  47659
4.81914615e+00  8.23048095e+00  45291
4.83166160e+00  8.32310777e+00  43999
4.84428771e+00  8.35264022e+00  42483
4.85686012e+00  8.42369098e+00  40327
4.86935554e+00  8.49590623e+00  38827
4.88194043e+00  8.54475614e+00  37683
4.89459796e+00  8.68122313e+00  36055
4.90713824e+00  8.65834402e+00  34098
4.91960008e+00  8.77707972e+00  32779
4.93221847e+00  8.85840320e+00  31992
4.94482861e+00  8.75567605e+00  29959
4.95732710e+00  8.95625010e+00  28828
4.96986863e+00  8.96177380e+00  27615
4.98248566e+00  9.04747976e+00  26488
4.99511075e+00  9.18166653e+00  25203
5.00760758e+00  9.24881318e+00  23656
5.02010091e+00  9.36575575e+00  22887
5.03277631e+00  9.50395292e+00  21952
5.04539390e+00  9.63335223e+00  20500
5.05782424e+00  9.65385911e+00  19323
5.07038990e+00  9.74106345e+00  18814
5.08310603e+00  9.79783036e+00  17688
5.09566720e+00  9.87794502e+00  16504
5.10805545e+00  1.01573446e+01  15444
5.12067144e+00  1.01523778e+01  15151
5.13344763e+00  1.02675530e+01  14032
5.14589503e+00  1.04970100e+01  12792
5.15822505e+00  1.04168953e+01  12256
5.17095099e+00  1.07056804e+01  11844
5.18370039e+00  1.10955873e+01  10780
5.19611864e+00  1.09611180e+01  9868
5.20859432e+00  1.08934372e+01  9486
5.22134900e+00  1.12830002e+01  8824
5.23386567e+00  1.15844667e+01  7896
5.24601709e+00  1.19415312e+01  7228
5.25879506e+00  1.20692407e+01  7332
5.27182115e+00  1.21814819e+01  6292
5.28405957e+00  1.21851847e+01  5524
5.29607902e+00  1.24693858e+01  5172
5.30908192e+00  1.23669153e+01  5188
5.32236057e+00  1.29216407e+01  4386
5.33439029e+00  1.32438181e+01  3520
5.34618180e+00  1.34770970e+01  3516
5.35946353e+00  1.36271881e+01  3388
5.37293386e+00  1.38699053e+01  2800
5.38439671e+00  1.45881015e+01  1932
5.39592935e+00  1.40473520e+01  2236
5.40978388e+00  1.51044596e+01  2013
5.42364053e+00  1.51048815e+01  1576
5.43419581e+00  1.54216087e+01  846
5.44557289e+00  1.50424387e+01  1228
5.45989569e+00  1.65396820e+01  964
5.47413058e+00  1.68997249e+01  717
5.48497641e+00  1.77069881e+01  304
5.49574664e+00  1.65137287e+01  444
5.51008628e+00  1.73858561e+01  292
5.52439869e+00  1.66396456e+01  172
5.53578558e+00  1.79879097e+01  51
5.54566396e+00  1.86574163e+01  52
5.55931162e+00  1.52596455e+01  12
5.57199165e+00  1.16462900e-01  1
