# z=0.4992 a=0.667006 mass=0.9230726604
# k [h/Mpc]  P(k) [(Mpc/h)^3]  Nmodes
1.77992824e-02  1.57983679e+04  13
3.01582443e-02  1.23066756e+04  33
4.28958037e-02  9.25480795e+03  79
5.56732155e-02  7.01770195e+03  117
6.87019957e-02  6.01661345e+03  205
8.09577352e-02  5.04183770e+03  235
9.35343337e-02  4.12889297e+03  369
1.06164502e-01  3.36191371e+03  433
1.18907249e-01  2.91800281e+03  585
1.31524496e-01  2.53111201e+03  679
1.43932658e-01  2.26041266e+03  813
1.56557218e-01  1.96790794e+03  985
1.69407979e-01  1.70494692e+03  1183
1.81937092e-01  1.52489694e+03  1269
1.94415796e-01  1.41837636e+03  1537
2.06952608e-01  1.27186663e+03  1653
2.19515289e-01  1.16442247e+03  1963
2.32108617e-01  1.09285760e+03  2121
2.44733933e-01  1.03142342e+03  2413
2.57363453e-01  9.23015823e+02  2635
2.69900160e-01  8.85434084e+02  2877
2.82389912e-01  8.04384897e+02  3169
2.95026715e-01  7.90141366e+02  3507
3.07573015e-01  7.46492294e+02  3685
3.20131509e-01  6.81603099e+02  4165
3.32798234e-01  6.65517674e+02  4377
3.45439129e-01  6.22888491e+02  4855
3.57953043e-01  5.81005241e+02  4929
3.70470738e-01  5.67183823e+02  5581
3.82961357e-01  5.49236297e+02  5679
3.95577974e-01  5.20421332e+02  6385
4.08187547e-01  5.08566312e+02  6553
4.20787861e-01  4.84882074e+02  7125
4.33381942e-01  4.70884626e+02  7447
4.45940056e-01  4.49924337e+02  7929
4.58524005e-01  4.45415657e+02  8353
4.71028302e-01  4.18146609e+02  8775
4.83582117e-01  4.04625602e+02  9313
4.96171308e-01  3.92201121e+02  9841
5.08698451e-01  3.80897789e+02  10191
5.21266850e-01  3.75003625e+02  10897
5.33851474e-01  3.59457497e+02  11301
5.46484669e-01  3.50173168e+02  12025
5.59105936e-01  3.43168036e+02  12423
5.71673258e-01  3.31710971e+02  13021
5.84175254e-01  3.21622067e+02  13405
5.96689969e-01  3.20108977e+02  14247
6.09276528e-01  3.08628619e+02  14713
6.21855825e-01  2.97642503e+02  15489
6.34433634e-01  2.95808920e+02  15913
6.47037514e-01  2.92555009e+02  16879
6.59633644e-01  2.83570792e+02  17193
6.72235286e-01  2.75994574e+02  18157
6.84740075e-01  2.73802443e+02  18339
6.97295639e-01  2.71241021e+02  19573
7.09882323e-01  2.64501912e+02  19941
7.22383387e-01  2.57964156e+02  20629
7.34953418e-01  2.52776567e+02  21655
7.47529559e-01  2.48298562e+02  22113
7.60130806e-01  2.46175383e+02  23185
7.72707972e-01  2.41581318e+02  23667
7.85228036e-01  2.34740631e+02  24385
7.97852900e-01  2.31992469e+02  25749
8.10414649e-01  2.27580936e+02  25675
8.22983296e-01  2.25996961e+02  27409
8.35562854e-01  2.19687168e+02  27405
8.48080130e-01  2.18834329e+02  28717
8.60685138e-01  2.15564806e+02  29595
8.73271712e-01  2.13017037e+02  30301
8.85799237e-01  2.07955967e+02  31101
8.98326884e-01  2.04959682e+02  32023
9.10882829e-01  2.03641366e+02  32977
9.23526894e-01  1.98627104e+02  34449
9.36128848e-01  1.95306301e+02  34549
9.48697049e-01  1.92972288e+02  36111
9.61271227e-01  1.91830124e+02  36541
9.73803852e-01  1.87119554e+02  37717
9.86339420e-01  1.86262713e+02  38619
9.98901349e-01  1.83435079e+02  39661
1.01143181e+00  1.82629707e+02  40545
1.02398480e+00  1.78394711e+02  41815
1.03662522e+00  1.74797391e+02  43125
1.04921793e+00  1.76007467e+02  43681
1.06175146e+00  1.71631500e+02  44629
1.07431471e+00  1.72112789e+02  46227
1.08691591e+00  1.68942579e+02  46909
1.09948613e+00  1.66358838e+02  48237
1.11198749e+00  1.63371088e+02  48583
1.12457094e+00  1.62785326e+02  50997
1.13720231e+00  1.60371522e+02  51397
1.14976092e+00  1.59150076e+02  52489
1.16231004e+00  1.56696983e+02  53787
1.17487890e+00  1.55321494e+02  54913
1.18743524e+00  1.53919572e+02  55977
1.19999439e+00  1.52499138e+02  57415
1.21253582e+00  1.50828726e+02  58105
1.22509392e+00  1.49248860e+02  60033
1.23769555e+00  1.45708685e+02  60949
1.25026211e+00  1.45138695e+02  62235
1.26280549e+00  1.42858250e+02  63229
1.27540071e+00  1.42319524e+02  65133
1.28797156e+00  1.40408563e+02  65707
1.30053708e+00  1.38458128e+02  67561
1.31311722e+00  1.37409874e+02  68505
1.32567386e+00  1.36490513e+02  69943
1.33823709e+00  1.35255108e+02  71097
1.35081404e+00  1.33735065e+02  73021
1.36336710e+00  1.31518597e+02  73317
1.37591851e+00  1.31773750e+02  75799
1.38846886e+00  1.29486787e+02  76021
1.40103508e+00  1.27524178e+02  78753
1.41362499e+00  1.26548017e+02  79291
1.42620380e+00  1.26153203e+02  81129
1.43878365e+00  1.24842719e+02  82441
1.45136676e+00  1.22673991e+02  83949
1.46393054e+00  1.21212920e+02  85123
1.47650160e+00  1.21102778e+02  86929
1.48905317e+00  1.18768172e+02  87789
1.50157422e+00  1.18357192e+02  89623
1.51415169e+00  1.17972565e+02  91341
1.52672825e+00  1.15405244e+02  92845
1.53929259e+00  1.15237766e+02  94087
1.55187897e+00  1.14582556e+02  96333
1.56446583e+00  1.12789201e+02  97249
1.57706299e+00  1.11845581e+02  99501
1.58957931e+00  1.10762516e+02  99283
1.60209822e+00  1.09733762e+02  102537
1.61467281e+00  1.08766962e+02  103477
1.62724590e+00  1.07758982e+02  105751
1.63983060e+00  1.06255832e+02  106869
1.65239053e+00  1.06027674e+02  108697
1.66497941e+00  1.04788028e+02  110577
1.67759186e+00  1.03736371e+02  112555
1.69012693e+00  1.03241925e+02  112593
1.70265657e+00  1.02134891e+02  115573
1.71523965e+00  1.00596592e+02  117283
1.72781170e+00  9.99262737e+01  118581
1.74036775e+00  9.90606832e+01  120625
1.75292822e+00  9.80145321e+01  121935
1.76550077e+00  9.76799206e+01  124441
1.77806655e+00  9.65874341e+01  125517
1.79061685e+00  9.60850229e+01  127357
1.80319130e+00  9.50581531e+01  129895
1.81576667e+00  9.39584881e+01  130701
1.82834882e+00  9.33408398e+01  133921
1.84092616e+00  9.22651322e+01  134187
1.85348688e+00  9.14902872e+01  137125
1.86606484e+00  9.08655971e+01  138457
1.87865316e+00  8.98264401e+01  140937
1.89119496e+00  8.87329919e+01  141367
1.90373200e+00  8.85762426e+01  144381
1.91628265e+00  8.81106006e+01  145549
1.92887019e+00  8.71483813e+01  149139
1.94147113e+00  8.69556897e+01  149641
1.95401615e+00  8.54892079e+01  151825
1.96656467e+00  8.50398157e+01  153453
1.97911394e+00  8.45707122e+01  155887
1.99169126e+00  8.35813267e+01  158121
2.00427242e+00  8.31162227e+01  159841
2.01680965e+00  8.28175155e+01  161175
2.02938830e+00  8.18094527e+01  164677
2.04198511e+00  8.11066438e+01  166057
2.05454796e+00  8.06505598e+01  167703
2.06711836e+00  7.99862876e+01  170269
2.07969511e+00  7.91176631e+01  172257
2.09225395e+00  7.86730187e+01  173653
2.10480687e+00  7.77788258e+01  176619
2.11736141e+00  7.75440037e+01  177565
2.12992867e+00  7.65780930e+01  181285
2.14251355e+00  7.62737074e+01  182547
2.15508810e+00  7.56325134e+01  184993
2.16764964e+00  7.49403817e+01  186777
2.18021605e+00  7.39182071e+01  189073
2.19277933e+00  7.37487471e+01  191491
2.20536226e+00  7.33541227e+01  193845
2.21792610e+00  7.24802905e+01  195181
2.23045086e+00  7.20431753e+01  197319
2.24300426e+00  7.15116604e+01  200233
2.25558515e+00  7.09703043e+01  203037
2.26817911e+00  7.06725629e+01  204871
2.28072810e+00  7.01803137e+01  206221
2.29327836e+00  6.96489893e+01  209529
2.30588483e+00  6.90195388e+01  212545
2.31845781e+00  6.85037380e+01  213207
2.33101744e+00  6.80705260e+01  216577
2.34358615e+00  6.75881248e+01  218193
2.35617487e+00  6.71586976e+01  222151
2.36873531e+00  6.64813001e+01  221641
2.38126928e+00  6.64099952e+01  226173
2.39382442e+00  6.56304436e+01  226981
2.40640315e+00  6.54349297e+01  231903
2.41897369e+00  6.49263793e+01  231493
2.43152780e+00  6.42982540e+01  236041
2.44409951e+00  6.38409175e+01  237231
2.45668123e+00  6.36115745e+01  240925
2.46926597e+00  6.32786787e+01  242769
2.48180449e+00  6.27395074e+01  243757
2.49434968e+00  6.22872419e+01  247983
2.50693092e+00  6.18922173e+01  250273
2.51949990e+00  6.15321510e+01  252373
2.53206429e+00  6.10688805e+01  255447
2.54463258e+00  6.06466654e+01  257089
2.55720831e+00  6.05162792e+01  261237
2.56977318e+00  6.00599617e+01  261667
2.58235084e+00  5.98621616e+01  266889
2.59493145e+00  5.94239134e+01  267049
2.60748365e+00  5.91335459e+01  270577
2.62003465e+00  5.87086249e+01  272643
2.63260290e+00  5.83070539e+01  276205
2.64517352e+00  5.79210332e+01  278169
2.65773098e+00  5.76651406e+01  280819
2.67028961e+00  5.73308815e+01  283629
2.68288103e+00  5.69936523e+01  287737
2.69546174e+00  5.68079964e+01  288229
2.70800318e+00  5.65314753e+01  291519
2.72056522e+00  5.62963320e+01  294697
2.73313137e+00  5.59119632e+01  296817
2.74570300e+00  5.56752729e+01  300739
2.75827075e+00  5.52446494e+01  301921
2.77081913e+00  5.49433912e+01  305457
2.78339728e+00  5.47980012e+01  308839
2.79596890e+00  5.47372946e+01  310641
2.80853577e+00  5.44260904e+01  314485
2.82110956e+00  5.42684856e+01  316113
2.83367567e+00  5.40556781e+01  320275
2.84623635e+00  5.39368684e+01  321109
2.85879560e+00  5.34495402e+01  326121
2.87137384e+00  5.32257687e+01  327727
2.88395424e+00  5.30882740e+01  331821
2.89650734e+00  5.31992184e+01  332497
2.90906470e+00  5.28546578e+01  337353
2.92163864e+00  5.26914906e+01  339559
2.93422073e+00  5.25762633e+01  343309
2.94678582e+00  5.22996477e+01  344757
2.95933993e+00  5.22035477e+01  348703
2.97191229e+00  5.22351490e+01  351261
2.98446722e+00  5.20108509e+01  354061
2.99700494e+00  5.20954199e+01  356115
3.00957150e+00  5.19252865e+01  361669
3.02215198e+00  5.17518084e+01  362893
3.03472327e+00  5.17217463e+01  367101
3.04729714e+00  5.17914872e+01  369439
3.05987607e+00  5.16040443e+01  373257
3.07246035e+00  5.16268491e+01  375949
3.08502144e+00  5.14957522e+01  378043
3.09756793e+00  5.13534071e+01  381117
3.11014614e+00  5.13892739e+01  386449
3.12271465e+00  5.16140390e+01  386397
3.13525824e+00  5.15255774e+01  391315
3.14782739e+00  5.15157228e+01  394305
3.16040709e+00  5.15286808e+01  398077
3.17297079e+00  5.16654335e+01  399919
3.18552003e+00  5.17045564e+01  403113
3.19809287e+00  5.17126877e+01  408229
3.21068427e+00  5.18850661e+01  410313
3.22323954e+00  5.17469259e+01  410275
3.23579434e+00  5.16060162e+01  409302
3.24836542e+00  5.11841465e+01  407782
3.26092816e+00  5.11082058e+01  405898
3.27349649e+00  5.08395397e+01  404322
3.28606028e+00  5.05725355e+01  402628
3.29861616e+00  5.03961422e+01  399792
3.31118450e+00  5.03366957e+01  400264
3.32375655e+00  5.00239156e+01  396336
3.33633648e+00  4.99180580e+01  396964
3.34889912e+00  4.97212231e+01  391834
3.36144277e+00  4.94397855e+01  391704
3.37402431e+00  4.92868446e+01  390736
3.38661496e+00  4.91398912e+01  388266
3.39916129e+00  4.90362566e+01  383920
3.41172359e+00  4.88671954e+01  385612
3.42430345e+00  4.84179705e+01  380790
3.43687077e+00  4.84043581e+01  380950
3.44943689e+00  4.83735705e+01  376536
3.46198984e+00  4.79559633e+01  375850
3.47457272e+00  4.80320064e+01  374580
3.48713261e+00  4.77548774e+01  369724
3.49967202e+00  4.75642663e+01  369454
3.51224656e+00  4.76382645e+01  367290
3.52482123e+00  4.72538692e+01  364912
3.53738716e+00  4.70528189e+01  362736
3.54995350e+00  4.71559878e+01  359926
3.56252724e+00  4.68070646e+01  359118
3.57509150e+00  4.67253654e+01  354340
3.58765458e+00  4.65199124e+01  354730
3.60021544e+00  4.66206214e+01  349482
3.61278183e+00  4.61982144e+01  349990
3.62534903e+00  4.61688967e+01  345150
3.63790727e+00  4.61779050e+01  344170
3.65047701e+00  4.60027708e+01  341434
3.66304737e+00  4.59112051e+01  338850
3.67562082e+00  4.57614544e+01  336604
3.68819285e+00  4.54016753e+01  333960
3.70075384e+00  4.55544172e+01  330760
3.71332149e+00  4.55524800e+01  329190
3.72588720e+00  4.54438670e+01  325372
3.73844410e+00  4.53219160e+01  323614
3.75101563e+00  4.51708432e+01  320874
3.76358999e+00  4.52169941e+01  318076
3.77615563e+00  4.50495597e+01  315366
3.78870489e+00  4.50242841e+01  311662
3.80127594e+00  4.50372162e+01  311028
3.81385667e+00  4.49220326e+01  306496
3.82640443e+00  4.47615800e+01  303694
3.83896447e+00  4.47407924e+01  301908
3.85154021e+00  4.48760707e+01  298156
3.86412982e+00  4.47521212e+01  297204
3.87668142e+00  4.47538993e+01  290380
3.88921657e+00  4.45705662e+01  290634
3.90179372e+00  4.45537047e+01  286594
3.91437624e+00  4.45493982e+01  284398
3.92695018e+00  4.45136057e+01  280884
3.93951066e+00  4.45929011e+01  277246
3.95208275e+00  4.46872877e+01  275466
3.96466521e+00  4.48270590e+01  271528
3.97722344e+00  4.47261960e+01  268048
3.98977586e+00  4.46765807e+01  265458
4.00234608e+00  4.47187884e+01  261892
4.01490524e+00  4.48008136e+01  259134
4.02745444e+00  4.47115881e+01  254926
4.04002216e+00  4.49672176e+01  253314
4.05260811e+00  4.48470497e+01  249346
4.06517472e+00  4.49460412e+01  245680
4.07772201e+00  4.49171177e+01  242442
4.09028980e+00  4.49546062e+01  239386
4.10287367e+00  4.52159796e+01  236544
4.11544764e+00  4.54704886e+01  232294
4.12800893e+00  4.54453991e+01  229044
4.14058557e+00  4.54612292e+01  226300
4.15316944e+00  4.54689815e+01  221938
4.16570849e+00  4.56741669e+01  218262
4.17824518e+00  4.57020748e+01  214594
4.19083460e+00  4.60238543e+01  212892
4.20340609e+00  4.60795417e+01  207190
4.21594547e+00  4.62853363e+01  204354
4.22851159e+00  4.63358464e+01  201232
4.24107578e+00  4.64393239e+01  196600
4.25364150e+00  4.64546438e+01  194238
4.26621340e+00  4.66926585e+01  189526
4.27880024e+00  4.69322348e+01  186828
4.29137880e+00  4.73330887e+01  182296
4.30391579e+00  4.71087636e+01  177748
4.31648067e+00  4.74100185e+01  175806
4.32906096e+00  4.75085490e+01  170470
4.34163434e+00  4.81112062e+01  167646
4.35419826e+00  4.80939075e+01  163120
4.36675348e+00  4.81440677e+01  158982
4.37930905e+00  4.84127980e+01  155878
4.39187628e+00  4.83900844e+01  151030
4.40443446e+00  4.87023933e+01  147948
4.41699700e+00  4.88527620e+01  143248
4.42958745e+00  4.94052591e+01  140124
4.44215164e+00  4.90677152e+01  135202
4.45467624e+00  4.90546337e+01  130662
4.46725585e+00  4.93415621e+01  128578
4.47985758e+00  4.92659797e+01  122566
4.49240168e+00  4.97278514e+01  119304
4.50496214e+00  4.93558360e+01  114700
4.51751987e+00  4.91689627e+01  110592
4.53007553e+00  4.92731161e+01  106510
4.54260782e+00  4.91161207e+01  101716
4.55517946e+00  4.87239269e+01  98715
4.56779661e+00  4.83364107e+01  94615
4.58034002e+00  4.83280539e+01  90513
4.59290715e+00  4.85216647e+01  88351
4.60550746e+00  4.82434918e+01  84555
4.61806652e+00  4.85255151e+01  81709
4.63061348e+00  4.84379892e+01  78724
4.64316981e+00  4.86461362e+01  76233
4.65575170e+00  4.88583800e+01  73561
4.66831088e+00  4.86306151e+01  70830
4.68083874e+00  4.88583675e+01  68230
4.69341420e+00  4.88587282e+01  66498
4.70600658e+00  4.87264898e+01  63586
4.71857979e+00  4.92139434e+01  61774
4.73110775e+00  4.94057102e+01  58794
4.74365157e+00  4.93577626e+01  57547
4.75628181e+00  4.97095502e+01  55350
4.76885619e+00  5.02522998e+01  53023
4.78138516e+00  4.99013977e+01  51099
4.79397628e+00  5.04453896e+01  49555
4.80660710e+00  5.04818709e+01  47659
4.81914615e+00  5.06992400e+01  45291
4.83166160e+00  5.07383803e+01  43999
4.84428771e+00  5.13748409e+01  42483
4.85686012e+00  5.18306397e+01  40327
4.86935554e+00  5.16919285e+01  38827
4.88194043e+00  5.20916587e+01  37683
4.89459796e+00  5.21132534e+01  36055
4.90713824e+00  5.23740673e+01  34098
4.91960008e+00  5.27294726e+01  32779
4.93221847e+00  5.35788771e+01  31992
4.94482861e+00  5.42704145e+01  29959
4.95732710e+00  5.42064993e+01  28828
4.96986863e+00  5.45794227e+01  27615
4.98248566e+00  5.45887626e+01  26488
4.99511075e+00  5.50678924e+01  25203
5.00760758e+00  5.62024547e+01  23656
5.02010091e+00  5.69779084e+01  22887
5.03277631e+00  5.67647456e+01  21952
5.04539390e+00  5.70083025e+01  20500
5.05782424e+00  5.87368751e+01  19323
5.07038990e+00  5.84895154e+01  18814
5.08310603e+00  6.02030649e+01  17688
5.09566720e+00  5.99323718e+01  16504
5.10805545e+00  6.09864756e+01  15444
5.12067144e+00  6.23211171e+01  15151
5.13344763e+00  6.15065297e+01  14032
5.14589503e+00  6.30834425e+01  12792
5.15822505e+00  6.33687328e+01  12256
5.17095099e+00  6.47939294e+01  11844
5.18370039e+00  6.52607248e+01  10780
5.19611864e+00  6.52513360e+01  9868
5.20859432e+00  6.72382237e+01  9486
5.22134900e+00  6.85517792e+01  8824
5.23386567e+00  6.88611180e+01  7896
5.24601709e+00  7.06468351e+01  7228
5.25879506e+00  7.11568335e+01  7332
5.27182115e+00  7.18884470e+01  6292
5.28405957e+00  7.50504202e+01  5524
5.29607902e+00  7.42856295e+01  5172
5.30908192e+00  7.36437207e+01  5188
5.32236057e+00  7.65416883e+01  4386
5.33439029e+00  8.20519497e+01  3520
5.34618180e+00  7.94857370e+01  3516
5.35946353e+00  8.19095587e+01  3388
5.37293386e+00  8.50031745e+01  2800
5.38439671e+00  8.31866027e+01  1932
5.39592935e+00  8.54458213e+01  2236
5.40978388e+00  8.77674081e+01  2013
5.42364053e+00  8.85101761e+01  1576
5.43419581e+00  9.23475589e+01  846
5.44557289e+00  9.19181615e+01  1228
5.45989569e+00  9.46467436e+01  964
5.47413058e+00  1.01441228e+02  717
5.48497641e+00  9.91381477e+01  304
5.49574664e+00  1.06809231e+02  444
5.51008628e+00  1.21443574e+02  292
5.52439869e+00  1.03554358e+02  172
5.53578558e+00  1.10240642e+02  51
5.54566396e+00  1.23051052e+02  52
5.55931162e+00  1.02241993e+02  12
5.57199165e+00  6.93512031e+01  1
