# Matter power spectrum P(k) at redshift z=0
# for k=1.02324e-05 to 5.25887 h/Mpc,
# number of wavenumbers equal to 557
#    1:k (h/Mpc)              2:P (Mpc/h)^3        
       1.023244295104e-05       5.296947996917e+01 
       2.284890654749e-05       1.148805935375e+02 
       3.550793123283e-05       1.756914841061e+02 
       4.824218970665e-05       2.360536713608e+02 
       6.108487323207e-05       2.963346474543e+02 
       7.406997560804e-05       3.568078137180e+02 
       8.723258586752e-05       4.177055456041e+02 
       1.006091934486e-04       4.792407612204e+02 
       1.142380096143e-04       5.416180681424e+02 
       1.281593089300e-04       6.050403047794e+02 
       1.424157946172e-04       6.697130747746e+02 
       1.570529915673e-04       7.358482563108e+02 
       1.721196706702e-04       8.036669398540e+02 
       1.876683078345e-04       8.734020749645e+02 
       2.037555805830e-04       9.453008645487e+02 
       2.204429042816e-04       1.019627582312e+03 
       2.377970087898e-04       1.096665516165e+03 
       2.558905544229e-04       1.176719904436e+03 
       2.748027833867e-04       1.260120280178e+03 
       2.946201990279e-04       1.347222911295e+03 
       3.154372600358e-04       1.438413002962e+03 
       3.373570698017e-04       1.534107520280e+03 
       3.604920321775e-04       1.634756440216e+03 
       3.849644336020e-04       1.740844286754e+03 
       4.109068978981e-04       1.852891004144e+03 
       4.384626442194e-04       1.971451382569e+03 
       4.677854614184e-04       2.097113043547e+03 
       4.990392951342e-04       2.230492881618e+03 
       5.323973298850e-04       2.372231224701e+03 
       5.680404415098e-04       2.522982162712e+03 
       6.061549009157e-04       2.683402504594e+03 
       6.469292346959e-04       2.854135091416e+03 
       6.905501980329e-04       3.035791293720e+03 
       7.371978944121e-04       3.228926274449e+03 
       7.870401840340e-04       3.434017079063e+03 
       8.402266494516e-04       3.651435066170e+03 
       8.968825141916e-04       3.881422723251e+03 
       9.571030106557e-04       4.124071267448e+03 
       1.020948736907e-03       4.379305050842e+03 
       1.088442503425e-03       4.646873209563e+03 
       1.159568042359e-03       4.926350111629e+03 
       1.234270748333e-03       5.217144922605e+03 
       1.312460378975e-03       5.518520673230e+03 
       1.394015414894e-03       5.829578912236e+03 
       1.478788609363e-03       6.149403801302e+03 
       1.566613176324e-03       6.476987141446e+03 
       1.657309075662e-03       6.811287837970e+03 
       1.750688939047e-03       7.151262401857e+03 
       1.846563307230e-03       7.495887535781e+03 
       1.944744988499e-03       7.844179833745e+03 
       2.045052472838e-03       8.195208243946e+03 
       2.147312432600e-03       8.548105162783e+03 
       2.251361404026e-03       8.902070639182e+03 
       2.357046777298e-03       9.256375568300e+03 
       2.464227232788e-03       9.610360475349e+03 
       2.572772755172e-03       9.963433564430e+03 
       2.682564341905e-03       1.031506774626e+04 
       2.793493503343e-03       1.066479560748e+04 
       2.905461632103e-03       1.101220566911e+04 
       3.018379301042e-03       1.135693593729e+04 
       3.132165533628e-03       1.169867122826e+04 
       3.246747077675e-03       1.203713754964e+04 
       3.362057703355e-03       1.237209743879e+04 
       3.478037538762e-03       1.270334466700e+04 
       3.594632450624e-03       1.303070620629e+04 
       3.711793473738e-03       1.335403212714e+04 
       3.829476289872e-03       1.367319806511e+04 
       3.947640755002e-03       1.398809849581e+04 
       4.066250472579e-03       1.429864645067e+04 
       4.185272409807e-03       1.460477240605e+04 
       4.304676553573e-03       1.490642022399e+04 
       4.424435602579e-03       1.520354442998e+04 
       4.544524692250e-03       1.549611428755e+04 
       4.664921149165e-03       1.578410058206e+04 
       4.785604271947e-03       1.606748135463e+04 
       4.906555135799e-03       1.634628304990e+04 
       5.027756418119e-03       1.662048291609e+04 
       5.149192242866e-03       1.689008864725e+04 
       5.270848041591e-03       1.715510993562e+04 
       5.392710429264e-03       1.741555404631e+04 
       5.514767093243e-03       1.767145250521e+04 
       5.637006693897e-03       1.792281464708e+04 
       5.759418775576e-03       1.816965722823e+04 
       5.881993686776e-03       1.841203571196e+04 
       6.004722508460e-03       1.864995433764e+04 
       6.127596989646e-03       1.888345391973e+04 
       6.250609489442e-03       1.911256747080e+04 
       6.373752924838e-03       1.933732434433e+04 
       6.497020723611e-03       1.955776548509e+04 
       6.620406781814e-03       1.977392915338e+04 
       6.743905425333e-03       1.998584743613e+04 
       6.867511375101e-03       2.019357025094e+04 
       6.991219715577e-03       2.039713065884e+04 
       7.115025866145e-03       2.059656347449e+04 
       7.238925555141e-03       2.079191512208e+04 
       7.362914796239e-03       2.098322830425e+04 
       7.486989866946e-03       2.117054224352e+04 
       7.611147289014e-03       2.135389207552e+04 
       7.735383810564e-03       2.153333620888e+04 
       7.859696389764e-03       2.170890091357e+04 
       7.984082179899e-03       2.188063097432e+04 
       8.108538515718e-03       2.204856964462e+04 
       8.233062900917e-03       2.221276106621e+04 
       8.357652996667e-03       2.237325180358e+04 
       8.482306611083e-03       2.253007348725e+04 
       8.607021689542e-03       2.268326239369e+04 
       8.731796305791e-03       2.283287498967e+04 
       8.856628653754e-03       2.297894162846e+04 
       8.981517039987e-03       2.312150882463e+04 
       9.106459876725e-03       2.326060641451e+04 
       9.231455675464e-03       2.339628049157e+04 
       9.356503041029e-03       2.352856990232e+04 
       9.481600666108e-03       2.365751419789e+04 
       9.606747326177e-03       2.378314940614e+04 
       9.731941874822e-03       2.390550900729e+04 
       9.857183239395e-03       2.402463978766e+04 
       9.982470416992e-03       2.414057586181e+04 
       1.010780247073e-02       2.425334622038e+04 
       1.023317852628e-02       2.436300038137e+04 
       1.035859776868e-02       2.446956657655e+04 
       1.048405943931e-02       2.457308261209e+04 
       1.060956283318e-02       2.467359306146e+04 
       1.073510729631e-02       2.477112024844e+04 
       1.086069222336e-02       2.486571309333e+04 
       1.098631705541e-02       2.495739553907e+04 
       1.111198127789e-02       2.504620386206e+04 
       1.123768441862e-02       2.513218653696e+04 
       1.136342604608e-02       2.521536444865e+04 
       1.148920576769e-02       2.529577332996e+04 
       1.161502322829e-02       2.537344952656e+04 
       1.174087810867e-02       2.544842494488e+04 
       1.186677012426e-02       2.552074094517e+04 
       1.199269902385e-02       2.559042289778e+04 
       1.211866458846e-02       2.565749239893e+04 
       1.224466663021e-02       2.572200099623e+04 
       1.237070499137e-02       2.578397604734e+04 
       1.249677954338e-02       2.584344295385e+04 
       1.262289018605e-02       2.590043983766e+04 
       1.274903684667e-02       2.595500443081e+04 
       1.287521947933e-02       2.600715896592e+04 
       1.300143806423e-02       2.605692552102e+04 
       1.312769260702e-02       2.610434703902e+04 
       1.325398313821e-02       2.614945091273e+04 
       1.338030971269e-02       2.619225446273e+04 
       1.350667240915e-02       2.623278901794e+04 
       1.363307132969e-02       2.627109962646e+04 
       1.375950659939e-02       2.630720449469e+04 
       1.388597836594e-02       2.634112503296e+04 
       1.401248679927e-02       2.637290676553e+04 
       1.413903209128e-02       2.640255410821e+04 
       1.426561445556e-02       2.643010007542e+04 
       1.439223412713e-02       2.645559772471e+04 
       1.451889136224e-02       2.647903436207e+04 
       1.464558643819e-02       2.650046773067e+04 
       1.477231965316e-02       2.651991317029e+04 
       1.489909132607e-02       2.653739942091e+04 
       1.502590179651e-02       2.655294088372e+04 
       1.515275142460e-02       2.656656398050e+04 
       1.527964059099e-02       2.657831649776e+04 
       1.540656969678e-02       2.658819046543e+04 
       1.553353916353e-02       2.659623879350e+04 
       1.566054943323e-02       2.660247037360e+04 
       1.578760096837e-02       2.660691908283e+04 
       1.591469425194e-02       2.660961110854e+04 
       1.604182978755e-02       2.661055787355e+04 
       1.616900809946e-02       2.660979366229e+04 
       1.629622973269e-02       2.660733906212e+04 
       1.642349525318e-02       2.660320901752e+04 
       1.655080524789e-02       2.659744336787e+04 
       1.667816032496e-02       2.659005054629e+04 
       1.680556111389e-02       2.658106263909e+04 
       1.693300826574e-02       2.657050856900e+04 
       1.706050245331e-02       2.655838769877e+04 
       1.718804437139e-02       2.654475012028e+04 
       1.731563473698e-02       2.652961219558e+04 
       1.744327428957e-02       2.651294839896e+04 
       1.757096379138e-02       2.649485018223e+04 
       1.769870402768e-02       2.647534246685e+04 
       1.782649580708e-02       2.645434731353e+04 
       1.795433996186e-02       2.643198276499e+04 
       1.808223734831e-02       2.640825107395e+04 
       1.821018884708e-02       2.638318296353e+04 
       1.833819536354e-02       2.635670376345e+04 
       1.846625782821e-02       2.632899662758e+04 
       1.859437719712e-02       2.629993074972e+04 
       1.872255445228e-02       2.626965861779e+04 
       1.885079060207e-02       2.623808526059e+04 
       1.897908668174e-02       2.620528622869e+04 
       1.910744375386e-02       2.617130347231e+04 
       1.923586290885e-02       2.613612055432e+04 
       1.936434526544e-02       2.609972738822e+04 
       1.949289197125e-02       2.606222574473e+04 
       1.962150420331e-02       2.602358480543e+04 
       1.975018316866e-02       2.598384519499e+04 
       1.987893010491e-02       2.594297091285e+04 
       2.000774628087e-02       2.590104669045e+04 
       2.013663299716e-02       2.585805392396e+04 
       2.026559158690e-02       2.581406881648e+04 
       2.039462341634e-02       2.576902020235e+04 
       2.052372988559e-02       2.572300647513e+04 
       2.065291242933e-02       2.567597778114e+04 
       2.078217251753e-02       2.562803306067e+04 
       2.091151165623e-02       2.557911185203e+04 
       2.104093138837e-02       2.552927459962e+04 
       2.117043329454e-02       2.547854586136e+04 
       2.130001899384e-02       2.542686530001e+04 
       2.142969014479e-02       2.537435992510e+04 
       2.155944844619e-02       2.532099137696e+04 
       2.168929563801e-02       2.526677099118e+04 
       2.181923350244e-02       2.521170094971e+04 
       2.194926386476e-02       2.515588646075e+04 
       2.207938859443e-02       2.509922194006e+04 
       2.220960960613e-02       2.504183327876e+04 
       2.233992886077e-02       2.498363274956e+04 
       2.247034836671e-02       2.492475122678e+04 
       2.260087018080e-02       2.486507587549e+04 
       2.273149640963e-02       2.480476987961e+04 
       2.286222921075e-02       2.474369298676e+04 
       2.299307079386e-02       2.468195619503e+04 
       2.312402342221e-02       2.461957027822e+04 
       2.325508941385e-02       2.455650769292e+04 
       2.338627114307e-02       2.449279242252e+04 
       2.351757104180e-02       2.442852557893e+04 
       2.364899160107e-02       2.436360392049e+04 
       2.378053537259e-02       2.429807914392e+04 
       2.391220497023e-02       2.423204787122e+04 
       2.404400307171e-02       2.416528856295e+04 
       2.417593242023e-02       2.409809152775e+04 
       2.430799582624e-02       2.403025827522e+04 
       2.444019616916e-02       2.396208336767e+04 
       2.457253639928e-02       2.389328110151e+04 
       2.470501953965e-02       2.382406786462e+04 
       2.483764868802e-02       2.375431245431e+04 
       2.497042701888e-02       2.368406742414e+04 
       2.510335778561e-02       2.361336772344e+04 
       2.523644432257e-02       2.354221527514e+04 
       2.536969004741e-02       2.347066656701e+04 
       2.550309846337e-02       2.339866467955e+04 
       2.563667316168e-02       2.332627831534e+04 
       2.577041782406e-02       2.325346409466e+04 
       2.590433622527e-02       2.318033317620e+04 
       2.603843223578e-02       2.310671765442e+04 
       2.617270982455e-02       2.303290686437e+04 
       2.630717306185e-02       2.295861431291e+04 
       2.644182612225e-02       2.288400574645e+04 
       2.657667328766e-02       2.280915223378e+04 
       2.671171895050e-02       2.273387100526e+04 
       2.684696761703e-02       2.265832356959e+04 
       2.698242391069e-02       2.258250998109e+04 
       2.711809257573e-02       2.250640570838e+04 
       2.725397848079e-02       2.242996951449e+04 
       2.739008662277e-02       2.235333170845e+04 
       2.752642213074e-02       2.227643083857e+04 
       2.766299027006e-02       2.219929739962e+04 
       2.779979644666e-02       2.212194173021e+04 
       2.793684621141e-02       2.204432259409e+04 
       2.807414526475e-02       2.196650980345e+04 
       2.821169946148e-02       2.188846636853e+04 
       2.834951481569e-02       2.181028304401e+04 
       2.848759750593e-02       2.173187941684e+04 
       2.862595388062e-02       2.165327910909e+04 
       2.876459046357e-02       2.157455302058e+04 
       2.890351395985e-02       2.149563980806e+04 
       2.904273126183e-02       2.141656806951e+04 
       2.918224945547e-02       2.133736941711e+04 
       2.932207582692e-02       2.125805270415e+04 
       2.946221786934e-02       2.117855278956e+04 
       2.960268329005e-02       2.109896929958e+04 
       2.974348001799e-02       2.101925510879e+04 
       2.988461621145e-02       2.093944064921e+04 
       3.002610026624e-02       2.085952626798e+04 
       3.016794082409e-02       2.077945775710e+04 
       3.031014678151e-02       2.069945147919e+04 
       3.045272729906e-02       2.061926932613e+04 
       3.059569181096e-02       2.053901607416e+04 
       3.073905003522e-02       2.045867153239e+04 
       3.088281198418e-02       2.037833506188e+04 
       3.102698797558e-02       2.029788141310e+04 
       3.117158864411e-02       2.021741573082e+04 
       3.131662495354e-02       2.013693746632e+04 
       3.146210820945e-02       2.005635678124e+04 
       3.160805007248e-02       1.997581610398e+04 
       3.175446257237e-02       1.989515753486e+04 
       3.190135812252e-02       1.981456829762e+04 
       3.204874953547e-02       1.973385735403e+04 
       3.219665003895e-02       1.965323751858e+04 
       3.234507329296e-02       1.957259896634e+04 
       3.249403340749e-02       1.949195797193e+04 
       3.264354496140e-02       1.941126455400e+04 
       3.279362302209e-02       1.933059745001e+04 
       3.294428316631e-02       1.924993493201e+04 
       3.309554150208e-02       1.916933729977e+04 
       3.324741469176e-02       1.908864760859e+04 
       3.339991997638e-02       1.900806026104e+04 
       3.355307520135e-02       1.892757809604e+04 
       3.370689884357e-02       1.884699097413e+04 
       3.386141004007e-02       1.876649864860e+04 
       3.401662861830e-02       1.868599714632e+04 
       3.417257512814e-02       1.860553778079e+04 
       3.432927087584e-02       1.852518041632e+04 
       3.448673795984e-02       1.844480032861e+04 
       3.464499930890e-02       1.836444461128e+04 
       3.480407872234e-02       1.828417379320e+04 
       3.496400091291e-02       1.820393340017e+04 
       3.512479155220e-02       1.812369678666e+04 
       3.528647731892e-02       1.804359195707e+04 
       3.544908595031e-02       1.796343711908e+04 
       3.561264629668e-02       1.788340126165e+04 
       3.577718837972e-02       1.780340755716e+04 
       3.594274345443e-02       1.772346279702e+04 
       3.610934407532e-02       1.764355782219e+04 
       3.627702416704e-02       1.756369327659e+04 
       3.644581909980e-02       1.748388446453e+04 
       3.661576577006e-02       1.740412373404e+04 
       3.678690268690e-02       1.732446177490e+04 
       3.695927006450e-02       1.724475438343e+04 
       3.713290992133e-02       1.716511495805e+04 
       3.730786618658e-02       1.708553690664e+04 
       3.748418481451e-02       1.700600486727e+04 
       3.766191390741e-02       1.692650049935e+04 
       3.784110384794e-02       1.684703466441e+04 
       3.802180744178e-02       1.676757087653e+04 
       3.820408007144e-02       1.668824888033e+04 
       3.838797986246e-02       1.660885399404e+04 
       3.857356786298e-02       1.652948044538e+04 
       3.876090823822e-02       1.645019185799e+04 
       3.895006848121e-02       1.637089374058e+04 
       3.914111964139e-02       1.629157058946e+04 
       3.933413657307e-02       1.621232100122e+04 
       3.952919820571e-02       1.613298281919e+04 
       3.972638783830e-02       1.605372975391e+04 
       3.992579346060e-02       1.597440252474e+04 
       4.012750810402e-02       1.589508782293e+04 
       4.033163022558e-02       1.581571034211e+04 
       4.053826412867e-02       1.573634541444e+04 
       4.074752042479e-02       1.565694876459e+04 
       4.095951654126e-02       1.557746241345e+04 
       4.117437728035e-02       1.549791800253e+04 
       4.139223543601e-02       1.541827229635e+04 
       4.161323247554e-02       1.533860740261e+04 
       4.183751929447e-02       1.525883182597e+04 
       4.206525705390e-02       1.517895096339e+04 
       4.229661811152e-02       1.509892742437e+04 
       4.253178705872e-02       1.501877147503e+04 
       4.277096187843e-02       1.493849844943e+04 
       4.301435524087e-02       1.485800845651e+04 
       4.326219595668e-02       1.477736642557e+04 
       4.351473061083e-02       1.469651504653e+04 
       4.377222540426e-02       1.461547012704e+04 
       4.403496823526e-02       1.453416953381e+04 
       4.430327105800e-02       1.445262117102e+04 
       4.457747256301e-02       1.437073854392e+04 
       4.485794123234e-02       1.428850871107e+04 
       4.514507883258e-02       1.420595387511e+04 
       4.543932442127e-02       1.412304052393e+04 
       4.574115895752e-02       1.403971171190e+04 
       4.605111062629e-02       1.395589160127e+04 
       4.636976100916e-02       1.387155318578e+04 
       4.669775226276e-02       1.378673060508e+04 
       4.703579550235e-02       1.370132087758e+04 
       4.738468063231e-02       1.361519859238e+04 
       4.774528792177e-02       1.352838559351e+04 
       4.811860169451e-02       1.344079732418e+04 
       4.850572659181e-02       1.335232832118e+04 
       4.890790698090e-02       1.326291049090e+04 
       4.932655022641e-02       1.317242421664e+04 
       4.976325472708e-02       1.308083796935e+04 
       5.021984385498e-02       1.298787865403e+04 
       5.069840723427e-02       1.289346013527e+04 
       5.120135117531e-02       1.279746476369e+04 
       5.173146055491e-02       1.269954537232e+04 
       5.229197501780e-02       1.259960878913e+04 
       5.288668307092e-02       1.249721607081e+04 
       5.352003842339e-02       1.239200794481e+04 
       5.419730369799e-02       1.228358038911e+04 
       5.492472717021e-02       1.217127354319e+04 
       5.570975795937e-02       1.205447459851e+04 
       5.656130303299e-02       1.193200477483e+04 
       5.749002339563e-02       1.180280890698e+04 
       5.850865303958e-02       1.166514138130e+04 
       5.963229598961e-02       1.151685609632e+04 
       6.087860410565e-02       1.135497257547e+04 
       6.226765032753e-02       1.117556310001e+04 
       6.382118897725e-02       1.097353506387e+04 
       6.556088139523e-02       1.074246011641e+04 
       6.750510953125e-02       1.047492868929e+04 
       6.966447573452e-02       1.016343541385e+04 
       7.203717579581e-02       9.802359349202e+03 
       7.460661677670e-02       9.390496471914e+03 
       7.734344480922e-02       8.933273918870e+03 
       8.021168814611e-02       8.443147087741e+03 
       8.317594641899e-02       7.937892346111e+03 
       8.620638709390e-02       7.437377049136e+03 
       8.928051311253e-02       6.960358067590e+03 
       9.238261887739e-02       6.522011505152e+03 
       9.550229160281e-02       6.132626566141e+03 
       9.863285472149e-02       5.797292619430e+03 
       1.017701169274e-01       5.516220610041e+03 
       1.049114814532e-01       5.285663974644e+03 
       1.080553523533e-01       5.098700278957e+03 
       1.112007535193e-01       4.946346951696e+03 
       1.143470896293e-01       4.818460169571e+03 
       1.174939981496e-01       4.704725254010e+03 
       1.206412584436e-01       4.595508221006e+03 
       1.237887362210e-01       4.482697870135e+03 
       1.269363496860e-01       4.360368833675e+03 
       1.300840489438e-01       4.225169602940e+03 
       1.332318034853e-01       4.076415366976e+03 
       1.363795945857e-01       3.915823341369e+03 
       1.395274106884e-01       3.747003412963e+03 
       1.426752446023e-01       3.574762729924e+03 
       1.458230917994e-01       3.404360191126e+03 
       1.489709493809e-01       3.240838494906e+03 
       1.521188154482e-01       3.088489089212e+03 
       1.552666887206e-01       2.950472083334e+03 
       1.584145683018e-01       2.828645411605e+03 
       1.615624535382e-01       2.723546348588e+03 
       1.647103439311e-01       2.634474825080e+03 
       1.678582390835e-01       2.559723268769e+03 
       1.710061386668e-01       2.496803163973e+03 
       1.741540424000e-01       2.442748051476e+03 
       1.773019500365e-01       2.394392877998e+03 
       1.804498613562e-01       2.349041911598e+03 
       1.835977761592e-01       2.303859270077e+03 
       1.867456942626e-01       2.256272192060e+03 
       1.898936154978e-01       2.204760583965e+03 
       1.930415397084e-01       2.148625397797e+03 
       1.961894667488e-01       2.088000689602e+03 
       1.993373964832e-01       2.023716080674e+03 
       2.024853287845e-01       1.957151683170e+03 
       2.056332635337e-01       1.889920780846e+03 
       2.087812006191e-01       1.823687105489e+03 
       2.119291399357e-01       1.759967504237e+03 
       2.150770813847e-01       1.699983381266e+03 
       2.182250248733e-01       1.644634461410e+03 
       2.213729703137e-01       1.594436928630e+03 
       2.245209176232e-01       1.549573824729e+03 
       2.276688667238e-01       1.509866608675e+03 
       2.308168175418e-01       1.474847829862e+03 
       2.339647700073e-01       1.443782004947e+03 
       2.371127240542e-01       1.415760172895e+03 
       2.402606796200e-01       1.389794460487e+03 
       2.434086366455e-01       1.364898474787e+03 
       2.465565950743e-01       1.340212807486e+03 
       2.497045548530e-01       1.315053813167e+03 
       2.528525159309e-01       1.288955465085e+03 
       2.560004782598e-01       1.261685808209e+03 
       2.591484417937e-01       1.233253177906e+03 
       2.622964064892e-01       1.203808464290e+03 
       2.654443723046e-01       1.173693370067e+03 
       2.685923392002e-01       1.143349562866e+03 
       2.717403071384e-01       1.113282893470e+03 
       2.748882760831e-01       1.084000611955e+03 
       2.780362460000e-01       1.055959600670e+03 
       2.811842168561e-01       1.029509434409e+03 
       2.843321886202e-01       1.004872424230e+03 
       2.874801612622e-01       9.821182849245e+02 
       2.906281347535e-01       9.611994503890e+02 
       2.937761090666e-01       9.419538025774e+02 
       2.969240841753e-01       9.241451995248e+02 
       3.000720600543e-01       9.074943233421e+02 
       3.032200366796e-01       8.917118702016e+02 
       3.063680140280e-01       8.764988119635e+02 
       3.095159920773e-01       8.615807256057e+02 
       3.126639708064e-01       8.467352929351e+02 
       3.158119501947e-01       8.317749132333e+02 
       3.189599302226e-01       8.166017171442e+02 
       3.221079108714e-01       8.011834929249e+02 
       3.252558921228e-01       7.855627659531e+02 
       3.284038739595e-01       7.698447091059e+02 
       3.315518563647e-01       7.541597500306e+02 
       3.346998393223e-01       7.386490003093e+02 
       3.378478228168e-01       7.234598894031e+02 
       3.409958068333e-01       7.087169580011e+02 
       3.441437913573e-01       6.945220941825e+02 
       3.472917763750e-01       6.809559555061e+02 
       3.504397618731e-01       6.680588880355e+02 
       3.535877478386e-01       6.558479952387e+02 
       3.567357342591e-01       6.442885433708e+02 
       3.598837211226e-01       6.333244850951e+02 
       3.630317084176e-01       6.228661474292e+02 
       3.661796961329e-01       6.128124653678e+02 
       3.693276842577e-01       6.030595916537e+02 
       3.724756727815e-01       5.935210380916e+02 
       3.756236616943e-01       5.841152461979e+02 
       3.787716509864e-01       5.747974609521e+02 
       3.819196406483e-01       5.655339766963e+02 
       3.850676306709e-01       5.563041053669e+02 
       3.882156210454e-01       5.471132475672e+02 
       3.913636117634e-01       5.379723500567e+02 
       3.945116028164e-01       5.289045499424e+02 
       3.976595941966e-01       5.199470004559e+02 
       4.008075858962e-01       5.111451640897e+02 
       4.039555779077e-01       5.025349968090e+02 
       4.071035702238e-01       4.941540815571e+02 
       4.102515628376e-01       4.860267608948e+02 
       4.133995557421e-01       4.781597047256e+02 
       4.165475489308e-01       4.705555593214e+02 
       4.196955423973e-01       4.632083419504e+02 
       4.228435361352e-01       4.561022453853e+02 
       4.259915301387e-01       4.492248660865e+02 
       4.291395244017e-01       4.425579684846e+02 
       4.322875189187e-01       4.360792439142e+02 
       4.354355136841e-01       4.297579118926e+02 
       4.385835086925e-01       4.235716405956e+02 
       4.417315039387e-01       4.174908392188e+02 
       4.448794994176e-01       4.114952427350e+02 
       4.480274951244e-01       4.055710716359e+02 
       4.511754910542e-01       3.997121992759e+02 
       4.543234872024e-01       3.939201335869e+02 
       4.574714835645e-01       3.881986915041e+02 
       4.606194801360e-01       3.825554460555e+02 
       4.637674769127e-01       3.769940650044e+02 
       4.669154738905e-01       3.715233414644e+02 
       4.700634710652e-01       3.661543870312e+02 
       4.732114684329e-01       3.608952328909e+02 
       4.763594659898e-01       3.557584650481e+02 
       4.795074637321e-01       3.507514726908e+02 
       4.826554616563e-01       3.458757997062e+02 
       4.858034597587e-01       3.411314879159e+02 
       4.889514580359e-01       3.365096048571e+02 
       4.920994564845e-01       3.320003156611e+02 
       4.952474551014e-01       3.275928315753e+02 
       4.983954538831e-01       3.232757646498e+02 
       5.015434528268e-01       3.190407132398e+02 
       5.046914519292e-01       3.148820682545e+02 
       5.078394511875e-01       3.107915724687e+02 
       5.109874505987e-01       3.067632190355e+02 
       5.141354501601e-01       3.027920478089e+02 
       5.172834498688e-01       2.988726139346e+02 
       5.204314497223e-01       2.950060861343e+02 
       5.235794497179e-01       2.911932598958e+02 
       5.267274498530e-01       2.874376038476e+02 
       5.298754501251e-01       2.837451436699e+02 
       5.330234505319e-01       2.801185582281e+02 
       5.361714510708e-01       2.765597223301e+02 
       5.393194517397e-01       2.730683792900e+02 
       5.424674525362e-01       2.696440590638e+02 
       5.456154534582e-01       2.662844122555e+02 
       5.487634545034e-01       2.629893935393e+02 
       5.519114556697e-01       2.597587821343e+02 
       5.550594569551e-01       2.565912911337e+02 
       5.817692521298e-01       2.318534661208e+02 
       6.119689577130e-01       2.075540772452e+02 
       6.469064789699e-01       1.837658361587e+02 
       6.886155319139e-01       1.600331672094e+02 
       7.406623491119e-01       1.360535941381e+02 
       8.098617909943e-01       1.112984979930e+02 
       9.103159496453e-01       8.532212390837e+01 
       1.070360435683e+00       5.875134642369e+01 
       1.322523290367e+00       3.579422289584e+01 
       1.663024789968e+00       2.073200416347e+01 
       2.093592790982e+00       1.186784845476e+01 
       2.635677069315e+00       6.738429173284e+00 
       3.318120839802e+00       3.797896130806e+00 
       4.177266644631e+00       2.126253849334e+00 
       5.258867130766e+00       1.183142310422e+00 
