# Matter power spectrum P(k) at redshift z=0
# for k=1.0298e-05 to 5.18431 h/Mpc,
# number of wavenumbers equal to 556
#    1:k (h/Mpc)              2:P (Mpc/h)^3        
       1.029801363171e-05       5.149373830096e+01 
       2.300404915253e-05       1.118276346029e+02 
       3.575353906224e-05       1.711330228522e+02 
       4.857985946176e-05       2.300310777760e+02 
       6.151692350615e-05       2.888754976611e+02 
       7.459947567219e-05       3.479315468718e+02 
       8.786339518956e-05       4.074259440384e+02 
       1.013460125710e-04       4.675675616535e+02 
       1.150864432074e-04       5.285578319779e+02 
       1.291259420265e-04       5.905970648650e+02 
       1.435082832234e-04       6.538887850977e+02 
       1.582801690288e-04       7.186433441489e+02 
       1.734916713350e-04       7.850804743111e+02 
       1.891967096956e-04       8.534321424569e+02 
       2.054535686688e-04       9.239450485132e+02 
       2.223254565704e-04       9.968828657946e+02 
       2.398811063093e-04       1.072529145831e+03 
       2.581954169005e-04       1.151189472379e+03 
       2.773501312642e-04       1.233194113218e+03 
       2.974345417438e-04       1.318900295828e+03 
       3.185462090832e-04       1.408695066498e+03 
       3.407916730449e-04       1.502997081747e+03 
       3.642871230795e-04       1.602258622784e+03 
       3.891589852149e-04       1.706966954335e+03 
       4.155443665552e-04       1.817644743845e+03 
       4.435912817875e-04       1.934849448483e+03 
       4.734585678349e-04       2.059171367870e+03 
       5.053153751567e-04       2.191229401810e+03 
       5.393401103361e-04       2.331664474748e+03 
       5.757186991592e-04       2.481130486573e+03 
       6.146420484759e-04       2.640280242619e+03 
       6.563026157135e-04       2.809751081759e+03 
       7.008900533993e-04       2.990143311393e+03 
       7.485859859340e-04       3.181997635325e+03 
       7.995580945578e-04       3.385770906023e+03 
       8.539538222619e-04       3.601808974435e+03 
       9.118941411024e-04       3.830323431553e+03 
       9.734679193668e-04       4.071371095855e+03 
       1.038727453165e-03       4.324838860907e+03 
       1.107685663161e-03       4.590437777603e+03 
       1.180315299226e-03       4.867705681598e+03 
       1.256550266369e-03       5.156019355692e+03 
       1.336288929279e-03       5.454606682331e+03 
       1.419399024190e-03       5.762564092053e+03 
       1.505723651568e-03       6.078962168240e+03 
       1.595087765082e-03       6.402788468352e+03 
       1.687304608658e-03       6.733007539530e+03 
       1.782181659606e-03       7.068589022209e+03 
       1.879525777494e-03       7.408528765066e+03 
       1.979147402774e-03       7.751865725785e+03 
       2.080863772513e-03       8.097695708059e+03 
       2.184501211140e-03       8.445178835347e+03 
       2.289896610068e-03       8.793543857224e+03 
       2.396898236093e-03       9.142089590914e+03 
       2.505366012300e-03       9.490183972641e+03 
       2.615171404775e-03       9.837261320573e+03 
       2.726197030306e-03       1.018281854453e+04 
       2.838336079454e-03       1.052641059656e+04 
       2.951491628964e-03       1.086764600484e+04 
       3.065575899206e-03       1.120618143808e+04 
       3.180509497003e-03       1.154171806474e+04 
       3.296220671808e-03       1.187399666577e+04 
       3.412644603681e-03       1.220279143419e+04 
       3.529722734308e-03       1.252791067307e+04 
       3.647402147090e-03       1.284918821894e+04 
       3.765634998648e-03       1.316648476481e+04 
       3.884378001585e-03       1.347968216321e+04 
       4.003591956682e-03       1.378868468633e+04 
       4.123241331724e-03       1.409340865662e+04 
       4.243293883603e-03       1.439378925722e+04 
       4.363720320080e-03       1.468977593200e+04 
       4.484493997602e-03       1.498132700637e+04 
       4.605590651627e-03       1.526841228494e+04 
       4.726988156165e-03       1.555100300069e+04 
       4.848666309417e-03       1.582908837597e+04 
       4.970606642700e-03       1.610268971123e+04 
       5.092792250086e-03       1.637178254854e+04 
       5.215207636447e-03       1.663638149964e+04 
       5.337838581828e-03       1.689649070960e+04 
       5.460672020315e-03       1.715212618362e+04 
       5.583695931747e-03       1.740330711936e+04 
       5.706899244829e-03       1.765004858162e+04 
       5.830271750344e-03       1.789238572119e+04 
       5.953804023341e-03       1.813033658011e+04 
       6.077487353291e-03       1.836393105870e+04 
       6.201313681314e-03       1.859320646700e+04 
       6.325275543703e-03       1.881818898713e+04 
       6.449366021058e-03       1.903891302873e+04 
       6.573578692402e-03       1.925541623376e+04 
       6.697907593757e-03       1.946773235916e+04 
       6.822347180694e-03       1.967590133402e+04 
       6.946892294435e-03       1.987996242705e+04 
       7.071538131138e-03       2.007995928688e+04 
       7.196280214029e-03       2.027590662139e+04 
       7.321114368091e-03       2.046786424972e+04 
       7.446036697045e-03       2.065587449302e+04 
       7.571043562393e-03       2.083996396519e+04 
       7.696131564327e-03       2.102018797672e+04 
       7.821297524297e-03       2.119658344247e+04 
       7.946538469099e-03       2.136917960068e+04 
       8.071851616322e-03       2.153802817644e+04 
       8.197234361031e-03       2.170316550605e+04 
       8.322684263562e-03       2.186463295046e+04 
       8.448199038330e-03       2.202247595004e+04 
       8.573776543559e-03       2.217672761422e+04 
       8.699414771840e-03       2.232743050608e+04 
       8.825111841452e-03       2.247462352588e+04 
       8.950865988368e-03       2.261834736381e+04 
       9.076675558897e-03       2.275864423057e+04 
       9.202539002894e-03       2.289554064570e+04 
       9.328454867499e-03       2.302908250535e+04 
       9.454421791350e-03       2.315931467815e+04 
       9.580438499240e-03       2.328626583439e+04 
       9.706503797173e-03       2.340996879519e+04 
       9.832616567789e-03       2.353046996205e+04 
       9.958775766127e-03       2.364781082108e+04 
       1.008498041570e-02       2.376200847064e+04 
       1.021122960486e-02       2.387311704427e+04 
       1.033752248340e-02       2.398116836087e+04 
       1.046385825946e-02       2.408619119436e+04 
       1.059023619659e-02       2.418822315700e+04 
       1.071665561103e-02       2.428730430135e+04 
       1.084311586926e-02       2.438347015865e+04 
       1.096961638557e-02       2.447674450236e+04 
       1.109615662001e-02       2.456717511862e+04 
       1.122273607623e-02       2.465479221229e+04 
       1.134935429975e-02       2.473962434458e+04 
       1.147601087607e-02       2.482170972444e+04 
       1.160270542915e-02       2.490108253042e+04 
       1.172943761985e-02       2.497777550011e+04 
       1.185620714452e-02       2.505181451865e+04 
       1.198301373370e-02       2.512323062260e+04 
       1.210985715090e-02       2.519208098528e+04 
       1.223673719147e-02       2.525836456370e+04 
       1.236365368154e-02       2.532213655604e+04 
       1.249060647705e-02       2.538342816190e+04 
       1.261759546284e-02       2.544224526987e+04 
       1.274462055179e-02       2.549864404478e+04 
       1.287168168409e-02       2.555264258792e+04 
       1.299877882644e-02       2.560428767503e+04 
       1.312591197146e-02       2.565358297660e+04 
       1.325308113704e-02       2.570056873052e+04 
       1.338028636575e-02       2.574528778901e+04 
       1.350752772436e-02       2.578774298555e+04 
       1.363480530334e-02       2.582797384888e+04 
       1.376211921643e-02       2.586601429223e+04 
       1.388946960024e-02       2.590188831923e+04 
       1.401685661387e-02       2.593562481554e+04 
       1.414428043863e-02       2.596723735938e+04 
       1.427174127770e-02       2.599678175915e+04 
       1.439923935588e-02       2.602424957751e+04 
       1.452677491939e-02       2.604969228917e+04 
       1.465434823563e-02       2.607312865166e+04 
       1.478195959301e-02       2.609457861013e+04 
       1.490960930085e-02       2.611408210109e+04 
       1.503729768918e-02       2.613165279392e+04 
       1.516502510872e-02       2.614731971961e+04 
       1.529279193076e-02       2.616109780264e+04 
       1.542059854711e-02       2.617303221956e+04 
       1.554844537009e-02       2.618314011248e+04 
       1.567633283254e-02       2.619142901704e+04 
       1.580426138778e-02       2.619794574488e+04 
       1.593223150968e-02       2.620269935396e+04 
       1.606024369272e-02       2.620572207682e+04 
       1.618829845206e-02       2.620703217151e+04 
       1.631639632359e-02       2.620666475475e+04 
       1.644453786411e-02       2.620460488120e+04 
       1.657272365140e-02       2.620093940737e+04 
       1.670095428440e-02       2.619563681981e+04 
       1.682923038335e-02       2.618874850725e+04 
       1.695755259001e-02       2.618026492577e+04 
       1.708592156780e-02       2.617026339975e+04 
       1.721433800207e-02       2.615872704276e+04 
       1.734280260028e-02       2.614566101018e+04 
       1.747131609230e-02       2.613113133878e+04 
       1.759987923064e-02       2.611513602906e+04 
       1.772849279074e-02       2.609769324063e+04 
       1.785715757129e-02       2.607883817353e+04 
       1.798587439450e-02       2.605858267701e+04 
       1.811464410645e-02       2.603695945708e+04 
       1.824346757747e-02       2.601396059779e+04 
       1.837234570246e-02       2.598963650059e+04 
       1.850127940130e-02       2.596399932857e+04 
       1.863026961921e-02       2.593707125195e+04 
       1.875931732721e-02       2.590886721056e+04 
       1.888842352255e-02       2.587938224119e+04 
       1.901758922912e-02       2.584869392000e+04 
       1.914681549795e-02       2.581680077116e+04 
       1.927610340769e-02       2.578370684188e+04 
       1.940545406510e-02       2.574941763293e+04 
       1.953486860562e-02       2.571400950812e+04 
       1.966434819383e-02       2.567743198380e+04 
       1.979389402410e-02       2.563973130885e+04 
       1.992350732109e-02       2.560096607643e+04 
       2.005318934042e-02       2.556112506048e+04 
       2.018294136925e-02       2.552020452971e+04 
       2.031276472692e-02       2.547825581490e+04 
       2.044266076565e-02       2.543528027223e+04 
       2.057263087116e-02       2.539130706004e+04 
       2.070267646347e-02       2.534635154589e+04 
       2.083279899754e-02       2.530043149101e+04 
       2.096299996407e-02       2.525354867563e+04 
       2.109328089029e-02       2.520573889865e+04 
       2.122364334071e-02       2.515700649339e+04 
       2.135408891803e-02       2.510740093687e+04 
       2.148461926390e-02       2.505689572578e+04 
       2.161523605988e-02       2.500551778015e+04 
       2.174594102831e-02       2.495330299188e+04 
       2.187673593326e-02       2.490025262289e+04 
       2.200762258150e-02       2.484640473831e+04 
       2.213860282347e-02       2.479178701451e+04 
       2.226967855437e-02       2.473634787136e+04 
       2.240085171516e-02       2.468013823896e+04 
       2.253212429368e-02       2.462316601202e+04 
       2.266349832578e-02       2.456551370532e+04 
       2.279497589649e-02       2.450709695230e+04 
       2.292655914121e-02       2.444799798440e+04 
       2.305825024694e-02       2.438818160044e+04 
       2.319005145360e-02       2.432773975450e+04 
       2.332196505528e-02       2.426661228599e+04 
       2.345399340168e-02       2.420483794848e+04 
       2.358613889944e-02       2.414245274839e+04 
       2.371840401365e-02       2.407941885922e+04 
       2.385079126930e-02       2.401578976394e+04 
       2.398330325285e-02       2.395160438849e+04 
       2.411594261380e-02       2.388686071725e+04 
       2.424871206636e-02       2.382144684483e+04 
       2.438161439114e-02       2.375562832278e+04 
       2.451465243688e-02       2.368917877964e+04 
       2.464782912231e-02       2.362224132338e+04 
       2.478114743796e-02       2.355482227280e+04 
       2.491461044815e-02       2.348687983505e+04 
       2.504822129295e-02       2.341852508211e+04 
       2.518198319027e-02       2.334960086801e+04 
       2.531589943796e-02       2.328025961861e+04 
       2.544997341607e-02       2.321047946456e+04 
       2.558420858907e-02       2.314032633650e+04 
       2.571860850826e-02       2.306965838820e+04 
       2.585317681418e-02       2.299864261381e+04 
       2.598791723916e-02       2.292725944262e+04 
       2.612283360991e-02       2.285543623249e+04 
       2.625792985024e-02       2.278327463063e+04 
       2.639320998386e-02       2.271075983019e+04 
       2.652867813730e-02       2.263786449115e+04 
       2.666433854288e-02       2.256470728690e+04 
       2.680019554183e-02       2.249115877463e+04 
       2.693625358755e-02       2.241734133474e+04 
       2.707251724894e-02       2.234317571428e+04 
       2.720899121382e-02       2.226880823664e+04 
       2.734568029261e-02       2.219407247135e+04 
       2.748258942199e-02       2.211904319135e+04 
       2.761972366882e-02       2.204379445701e+04 
       2.775708823413e-02       2.196828024483e+04 
       2.789468845728e-02       2.189254524451e+04 
       2.803252982033e-02       2.181661452769e+04 
       2.817061795251e-02       2.174032416106e+04 
       2.830895863490e-02       2.166392628112e+04 
       2.844755780531e-02       2.158736769019e+04 
       2.858642156327e-02       2.151054784274e+04 
       2.872555617537e-02       2.143352268573e+04 
       2.886496808065e-02       2.135638811850e+04 
       2.900466389632e-02       2.127898874409e+04 
       2.914465042369e-02       2.120150029941e+04 
       2.928493465429e-02       2.112386841693e+04 
       2.942552377633e-02       2.104601572095e+04 
       2.956642518138e-02       2.096810131400e+04 
       2.970764647131e-02       2.088998944961e+04 
       2.984919546562e-02       2.081177006437e+04 
       2.999108020896e-02       2.073347853896e+04 
       3.013330897907e-02       2.065506189481e+04 
       3.027589029503e-02       2.057652895463e+04 
       3.041883292589e-02       2.049790537894e+04 
       3.056214589967e-02       2.041919020326e+04 
       3.070583851277e-02       2.034040813964e+04 
       3.084992033979e-02       2.026158122285e+04 
       3.099440124386e-02       2.018266475734e+04 
       3.113929138734e-02       2.010368244132e+04 
       3.128460124317e-02       2.002458050813e+04 
       3.143034160656e-02       1.994548693102e+04 
       3.157652360744e-02       1.986634333445e+04 
       3.172315872335e-02       1.978717255764e+04 
       3.187025879303e-02       1.970787281228e+04 
       3.201783603067e-02       1.962869471516e+04 
       3.216590304084e-02       1.954941480773e+04 
       3.231447283416e-02       1.947011520009e+04 
       3.246355884380e-02       1.939080221723e+04 
       3.261317494280e-02       1.931150918324e+04 
       3.276333546225e-02       1.923218838882e+04 
       3.291405521045e-02       1.915281957004e+04 
       3.306534949308e-02       1.907354504592e+04 
       3.321723413437e-02       1.899422478680e+04 
       3.336972549954e-02       1.891493797681e+04 
       3.352284051829e-02       1.883569019163e+04 
       3.367659670972e-02       1.875643224089e+04 
       3.383101220851e-02       1.867714911445e+04 
       3.398610579268e-02       1.859792750961e+04 
       3.414189691280e-02       1.851867945073e+04 
       3.429840572298e-02       1.843956280607e+04 
       3.445565311357e-02       1.836040734449e+04 
       3.461366074581e-02       1.828134173463e+04 
       3.477245108855e-02       1.820219637458e+04 
       3.493204745711e-02       1.812321311177e+04 
       3.509247405454e-02       1.804421696874e+04 
       3.525375601541e-02       1.796524815853e+04 
       3.541591945227e-02       1.788632990819e+04 
       3.557899150511e-02       1.780749098468e+04 
       3.574300039386e-02       1.772861689776e+04 
       3.590797547436e-02       1.764986657590e+04 
       3.607394729794e-02       1.757112958110e+04 
       3.624094767489e-02       1.749244535640e+04 
       3.640900974228e-02       1.741374652280e+04 
       3.657816803628e-02       1.733514663849e+04 
       3.674845856947e-02       1.725661190250e+04 
       3.691991891355e-02       1.717806566214e+04 
       3.709258828785e-02       1.709961975174e+04 
       3.726650765419e-02       1.702117679599e+04 
       3.744171981861e-02       1.694279716136e+04 
       3.761826954053e-02       1.686441131405e+04 
       3.779620365014e-02       1.678610852888e+04 
       3.797557117459e-02       1.670783299252e+04 
       3.815642347386e-02       1.662960678897e+04 
       3.833881438727e-02       1.655136257760e+04 
       3.852280039151e-02       1.647317281240e+04 
       3.870844077139e-02       1.639502748761e+04 
       3.889579780447e-02       1.631687365643e+04 
       3.908493696099e-02       1.623874019424e+04 
       3.927592712063e-02       1.616063966066e+04 
       3.946884080777e-02       1.608250468755e+04 
       3.966375444714e-02       1.600441722957e+04 
       3.986074864215e-02       1.592624649336e+04 
       4.005990847811e-02       1.584817492189e+04 
       4.026132385318e-02       1.577000037376e+04 
       4.046508984012e-02       1.569186784223e+04 
       4.067130708214e-02       1.561366492969e+04 
       4.088008222699e-02       1.553542555326e+04 
       4.109152840352e-02       1.545716251785e+04 
       4.130576574587e-02       1.537880466655e+04 
       4.152292197096e-02       1.530039360139e+04 
       4.174313301592e-02       1.522192536383e+04 
       4.196654374292e-02       1.514337580127e+04 
       4.219330871991e-02       1.506469481873e+04 
       4.242359308743e-02       1.498590765953e+04 
       4.265757352262e-02       1.490698981467e+04 
       4.289543931381e-02       1.482796400353e+04 
       4.313739356092e-02       1.474877983816e+04 
       4.338365451955e-02       1.466943321478e+04 
       4.363445710935e-02       1.458988160216e+04 
       4.389005461111e-02       1.451015853691e+04 
       4.415072058086e-02       1.443014841100e+04 
       4.441675101472e-02       1.434992220639e+04 
       4.468846680377e-02       1.426944126434e+04 
       4.496621652613e-02       1.418863153100e+04 
       4.525037963180e-02       1.410751135477e+04 
       4.554137008700e-02       1.402600870859e+04 
       4.583964055767e-02       1.394414819288e+04 
       4.614568722811e-02       1.386181432700e+04 
       4.646005537071e-02       1.377907354299e+04 
       4.678334580732e-02       1.369581625913e+04 
       4.711622243331e-02       1.361201579372e+04 
       4.745942101388e-02       1.352760063510e+04 
       4.781375950963e-02       1.344252493292e+04 
       4.818015024872e-02       1.335670888579e+04 
       4.855961433882e-02       1.327011210518e+04 
       4.895329880799e-02       1.318263440204e+04 
       4.936249708582e-02       1.309421787858e+04 
       4.978867359144e-02       1.300465111230e+04 
       5.023349339309e-02       1.291396880927e+04 
       5.069885815638e-02       1.282197743800e+04 
       5.118694991915e-02       1.272848739346e+04 
       5.170028463609e-02       1.263332849788e+04 
       5.224177794199e-02       1.253633545343e+04 
       5.281482620119e-02       1.243719955908e+04 
       5.342340663851e-02       1.233551173559e+04 
       5.407220114483e-02       1.223103986096e+04 
       5.476674909642e-02       1.212321364138e+04 
       5.551363492834e-02       1.201146100277e+04 
       5.632071562441e-02       1.189494317682e+04 
       5.719739043995e-02       1.177270688846e+04 
       5.815490756820e-02       1.164343707104e+04 
       5.920668556547e-02       1.150533363238e+04 
       6.036859359938e-02       1.135610698618e+04 
       6.165907323594e-02       1.119259800880e+04 
       6.309888567636e-02       1.101067706087e+04 
       6.471013958632e-02       1.080495549796e+04 
       6.651416185280e-02       1.056881322074e+04 
       6.852790136640e-02       1.029472494230e+04 
       7.075919309459e-02       9.975533650019e+03 
       7.320242593674e-02       9.606489654960e+03 
       7.583715226130e-02       9.187866357634e+03 
       7.863137135037e-02       8.726783181993e+03 
       8.154835433090e-02       8.237083852557e+03 
       8.455355705838e-02       7.737146995028e+03 
       8.761880367274e-02       7.246600742470e+03 
       9.072332890751e-02       6.783302974814e+03 
       9.385285993000e-02       6.361148969483e+03 
       9.699802970605e-02       5.989048682148e+03 
       1.001528710210e-01       5.670825365695e+03 
       1.033136530315e-01       5.405681246246e+03 
       1.064780700206e-01       5.189046298573e+03 
       1.096447070674e-01       5.013512585938e+03 
       1.128126995612e-01       4.869839415525e+03 
       1.159815204510e-01       4.747866876137e+03 
       1.191508488592e-01       4.637486178015e+03 
       1.223204895137e-01       4.529428822225e+03 
       1.254903235519e-01       4.416163771215e+03 
       1.286602785566e-01       4.292400066313e+03 
       1.318303103343e-01       4.155464242166e+03 
       1.350003918430e-01       4.005258788645e+03 
       1.381705064682e-01       3.844005290586e+03 
       1.413406439393e-01       3.675617089795e+03 
       1.445107978507e-01       3.505032008256e+03 
       1.476809641559e-01       3.337474035555e+03 
       1.508511402522e-01       3.177801126936e+03 
       1.540213244247e-01       3.030026536454e+03 
       1.571915155076e-01       2.897001238387e+03 
       1.603617126778e-01       2.780256341912e+03 
       1.635319153288e-01       2.680019219076e+03 
       1.667021229932e-01       2.595359682703e+03 
       1.698723352957e-01       2.524369254650e+03 
       1.730425519227e-01       2.464450564108e+03 
       1.762127726048e-01       2.412589428426e+03 
       1.793829971042e-01       2.365647351202e+03 
       1.825532252077e-01       2.321202166487e+03 
       1.857234567216e-01       2.276137515029e+03 
       1.888936914680e-01       2.228254427882e+03 
       1.920639292827e-01       2.176217544310e+03 
       1.952341700133e-01       2.119535577812e+03 
       1.984044135178e-01       2.058521023340e+03 
       2.015746596639e-01       1.994138120104e+03 
       2.047449083273e-01       1.927839039228e+03 
       2.079151593918e-01       1.861242091123e+03 
       2.110854127484e-01       1.795994775611e+03 
       2.142556682945e-01       1.733537860346e+03 
       2.174259259334e-01       1.675016875536e+03 
       2.205961855744e-01       1.621246339733e+03 
       2.237664471316e-01       1.572668126288e+03 
       2.269367105243e-01       1.529379490844e+03 
       2.301069756761e-01       1.491139127135e+03 
       2.332772425146e-01       1.457411703526e+03 
       2.364475109718e-01       1.427419357222e+03 
       2.396177809827e-01       1.400232341169e+03 
       2.427880524863e-01       1.374854744432e+03 
       2.459583254244e-01       1.350332082190e+03 
       2.491285997419e-01       1.325836756798e+03 
       2.522988753864e-01       1.300743000695e+03 
       2.554691523084e-01       1.274639488860e+03 
       2.586394304604e-01       1.247344095660e+03 
       2.618097097977e-01       1.218888754894e+03 
       2.649799902772e-01       1.189488280427e+03 
       2.681502718584e-01       1.159502264210e+03 
       2.713205545024e-01       1.129389705128e+03 
       2.744908381721e-01       1.099660949685e+03 
       2.776611228322e-01       1.070818052368e+03 
       2.808314084490e-01       1.043300949340e+03 
       2.840016949902e-01       1.017425885381e+03 
       2.871719824251e-01       9.933809265961e+02 
       2.903422707243e-01       9.712176520174e+02 
       2.935125598595e-01       9.508446167168e+02 
       2.966828498039e-01       9.320913983451e+02 
       2.998531405316e-01       9.147119526832e+02 
       3.030234320179e-01       8.984226707975e+02 
       3.061937242392e-01       8.829340321548e+02 
       3.093640171727e-01       8.679489231508e+02 
       3.125343107967e-01       8.532021195480e+02 
       3.157046050902e-01       8.384693233824e+02 
       3.188749000332e-01       8.235969316381e+02 
       3.220451956064e-01       8.084883637507e+02 
       3.252154917912e-01       7.931415449567e+02 
       3.283857885700e-01       7.776020122530e+02 
       3.315560859255e-01       7.619875160714e+02 
       3.347263838413e-01       7.464341145894e+02 
       3.378966823015e-01       7.310879242710e+02 
       3.410669812910e-01       7.160776115735e+02 
       3.442372807950e-01       7.015395148361e+02 
       3.474075807993e-01       6.875666577358e+02 
       3.505778812903e-01       6.742267769016e+02 
       3.537481822550e-01       6.615658611015e+02 
       3.569184836805e-01       6.495835565679e+02 
       3.600887855548e-01       6.382433024713e+02 
       3.632590878659e-01       6.274785811832e+02 
       3.664293906025e-01       6.171955901401e+02 
       3.695996937536e-01       6.072954540884e+02 
       3.727699973086e-01       5.976702916343e+02 
       3.759403012572e-01       5.882395066863e+02 
       3.791106055895e-01       5.789341691574e+02 
       3.822809102959e-01       5.697013506795e+02 
       3.854512153672e-01       5.605167658895e+02 
       3.886215207943e-01       5.513639969341e+02 
       3.917918265687e-01       5.422452887601e+02 
       3.949621326819e-01       5.331772840174e+02 
       3.981324391257e-01       5.241875168823e+02 
       4.013027458924e-01       5.153150469418e+02 
       4.044730529743e-01       5.066036378972e+02 
       4.076433603640e-01       4.980927268228e+02 
       4.108136680543e-01       4.898159919280e+02 
       4.139839760384e-01       4.817920522716e+02 
       4.171542843095e-01       4.740300682937e+02 
       4.203245928611e-01       4.665288758240e+02 
       4.234949016868e-01       4.592798580453e+02 
       4.266652107806e-01       4.522714986074e+02 
       4.298355201364e-01       4.454862487662e+02 
       4.330058297486e-01       4.389075980820e+02 
       4.361761396114e-01       4.325094595311e+02 
       4.393464497195e-01       4.262665501674e+02 
       4.425167600675e-01       4.201468648829e+02 
       4.456870706504e-01       4.141285365490e+02 
       4.488573814631e-01       4.081896906976e+02 
       4.520276925007e-01       4.023189785543e+02 
       4.551980037586e-01       3.965131540406e+02 
       4.583683152322e-01       3.907730094660e+02 
       4.615386269170e-01       3.851036962385e+02 
       4.647089388087e-01       3.795107237928e+02 
       4.678792509030e-01       3.739995340158e+02 
       4.710495631958e-01       3.685818272458e+02 
       4.742198756832e-01       3.632662260472e+02 
       4.773901883613e-01       3.580626108641e+02 
       4.805605012263e-01       3.529819691732e+02 
       4.837308142744e-01       3.480318111810e+02 
       4.869011275022e-01       3.432142707151e+02 
       4.900714409060e-01       3.385256764777e+02 
       4.932417544825e-01       3.339559420078e+02 
       4.964120682285e-01       3.294965638193e+02 
       4.995823821405e-01       3.251356064413e+02 
       5.027526962156e-01       3.208643841609e+02 
       5.059230104505e-01       3.166731199550e+02 
       5.090933248424e-01       3.125550819755e+02 
       5.122636393883e-01       3.085045856712e+02 
       5.154339540854e-01       3.045137297273e+02 
       5.186042689308e-01       3.005773025220e+02 
       5.217745839218e-01       2.966931980123e+02 
       5.249448990559e-01       2.928599871649e+02 
       5.281152143303e-01       2.890802796727e+02 
       5.312855297427e-01       2.853598060295e+02 
       5.344558452906e-01       2.817015814188e+02 
       5.376261609714e-01       2.781104104931e+02 
       5.407964767830e-01       2.745852013028e+02 
       5.439667927230e-01       2.711274741476e+02 
       5.471371087891e-01       2.677351727679e+02 
       5.503074249792e-01       2.644073172690e+02 
       5.534777412911e-01       2.611443791276e+02 
       5.566480577228e-01       2.579451860373e+02 
       5.832678808112e-01       2.332610143284e+02 
       6.133116978346e-01       2.090312241874e+02 
       6.479845121799e-01       1.853206980341e+02 
       6.892382432436e-01       1.616939984130e+02 
       7.404704860435e-01       1.378620215605e+02 
       8.081204302543e-01       1.133000206546e+02 
       9.054386814953e-01       8.754000216307e+01 
       1.059437364294e+00       6.101075090403e+01 
       1.304369491398e+00       3.752754931979e+01 
       1.639462654459e+00       2.178706064269e+01 
       2.063911772470e+00       1.248738828489e+01 
       2.598310797249e+00       7.098158870337e+00 
       3.271079490303e+00       4.004834114386e+00 
       4.118045094341e+00       2.244307915296e+00 
       5.184311616180e+00       1.249972520493e+00 
