# Matter power spectrum P(k) at redshift z=0
# for k=1.04889e-05 to 5.37596 h/Mpc,
# number of wavenumbers equal to 556
#    1:k (h/Mpc)              2:P (Mpc/h)^3        
       1.048886977774e-05       4.786007243156e+01 
       2.342204270784e-05       1.039007705640e+02 
       3.640105718161e-05       1.589932882431e+02 
       4.946111871362e-05       2.137193001174e+02 
       6.263801972698e-05       2.684123120844e+02 
       7.596846128738e-05       3.233238431810e+02 
       8.949038520338e-05       3.786700248520e+02 
       1.032433209431e-04       4.346507337179e+02 
       1.172687518515e-04       4.914594359396e+02 
       1.316105051850e-04       5.492891662863e+02 
       1.463151704876e-04       6.083367168334e+02 
       1.614325507641e-04       6.688059101295e+02 
       1.770161507183e-04       7.309104142125e+02 
       1.931237059325e-04       7.948763275022e+02 
       2.098177561658e-04       8.609446686121e+02 
       2.271662648162e-04       9.293738437576e+02 
       2.452432848306e-04       1.000442126187e+03 
       2.641296687419e-04       1.074450160266e+03 
       2.839138167684e-04       1.151723475592e+03 
       3.046924516828e-04       1.232614953022e+03 
       3.265714020512e-04       1.317507178868e+03 
       3.496663660366e-04       1.406814554031e+03 
       3.741036158664e-04       1.500985001666e+03 
       4.000205880349e-04       1.600501038925e+03 
       4.275662864015e-04       1.705879927104e+03 
       4.569014051659e-04       1.817672541535e+03 
       4.881980577572e-04       1.936460519498e+03 
       5.216389787492e-04       2.062851223953e+03 
       5.574160534547e-04       2.197469998473e+03 
       5.957280301327e-04       2.340949263303e+03 
       6.367772905677e-04       2.493914088844e+03 
       6.807656043632e-04       2.656964148792e+03 
       7.278888769496e-04       2.830652262329e+03 
       7.783310220830e-04       3.015460286884e+03 
       8.322572382517e-04       3.211773634989e+03 
       8.898071244673e-04       3.419856237182e+03 
       9.510882020523e-04       3.639828261172e+03 
       1.016170476725e-03       3.871649014399e+03 
       1.085082646072e-03       4.115107255926e+03 
       1.157810416938e-03       4.369820455218e+03 
       1.234297160105e-03       4.635243606326e+03 
       1.314446840515e-03       4.910686967331e+03 
       1.398128882312e-03       5.195314806310e+03 
       1.485184419090e-03       5.488236531959e+03 
       1.575433278491e-03       5.788505216628e+03 
       1.668681062928e-03       6.095131501011e+03 
       1.764725791874e-03       6.407123983935e+03 
       1.863363726947e-03       6.723512181745e+03 
       1.964394168534e-03       7.043364523968e+03 
       2.067623160891e-03       7.365801952481e+03 
       2.172866154514e-03       7.690006709183e+03 
       2.279949745735e-03       8.015227445987e+03 
       2.388712648566e-03       8.340781014834e+03 
       2.499006061415e-03       8.666051378288e+03 
       2.610693581018e-03       8.990487623807e+03 
       2.723650795866e-03       9.313600402981e+03 
       2.837764667655e-03       9.634956306066e+03 
       2.952932785726e-03       9.954175661603e+03 
       3.069062558351e-03       1.027092527197e+04 
       3.186070386900e-03       1.058491542780e+04 
       3.303880854680e-03       1.089589480156e+04 
       3.422425951243e-03       1.120364697924e+04 
       3.541644344716e-03       1.150798353392e+04 
       3.661480708790e-03       1.180874714413e+04 
       3.781885106830e-03       1.210580166453e+04 
       3.902812432751e-03       1.239903523777e+04 
       4.024221906486e-03       1.268835165476e+04 
       4.146076620801e-03       1.297367472099e+04 
       4.268343135591e-03       1.325493867167e+04 
       4.390991115588e-03       1.353209680089e+04 
       4.513993007400e-03       1.380510717022e+04 
       4.637323751930e-03       1.407394432705e+04 
       4.760960528474e-03       1.433858264626e+04 
       4.884882527076e-03       1.459900505971e+04 
       5.009070746011e-03       1.485522466035e+04 
       5.133507811564e-03       1.510723499515e+04 
       5.258177817583e-03       1.535503266372e+04 
       5.383066182528e-03       1.559864365883e+04 
       5.508159522017e-03       1.583806492888e+04 
       5.633445535073e-03       1.607332042291e+04 
       5.758912902516e-03       1.630442690740e+04 
       5.884551196080e-03       1.653140758229e+04 
       6.010350797059e-03       1.675428946889e+04 
       6.136302823372e-03       1.697309999838e+04 
       6.262399064125e-03       1.718786607091e+04 
       6.388631920796e-03       1.739862281675e+04 
       6.514994354336e-03       1.760539595811e+04 
       6.641479837515e-03       1.780822274755e+04 
       6.768082311943e-03       1.800713677942e+04 
       6.894796149266e-03       1.820217044566e+04 
       7.021616116075e-03       1.839336601776e+04 
       7.148537342147e-03       1.858075521754e+04 
       7.275555291658e-03       1.876437201489e+04 
       7.402665737063e-03       1.894425693713e+04 
       7.529864735369e-03       1.912044621509e+04 
       7.657148606545e-03       1.929298203993e+04 
       7.784513913875e-03       1.946189244027e+04 
       7.911957446040e-03       1.962723019024e+04 
       8.039476200765e-03       1.978902327972e+04 
       8.167067369886e-03       1.994730337939e+04 
       8.294728325683e-03       2.010212373454e+04 
       8.422456608377e-03       2.025351751803e+04 
       8.550249914669e-03       2.040151790488e+04 
       8.678106087220e-03       2.054616672635e+04 
       8.806023105004e-03       2.068749810357e+04 
       8.933999074428e-03       2.082555340888e+04 
       9.062032221176e-03       2.096036510356e+04 
       9.190120882691e-03       2.109197414103e+04 
       9.318263501253e-03       2.122041333419e+04 
       9.446458617590e-03       2.134571602088e+04 
       9.574704864986e-03       2.146792677194e+04 
       9.703000963838e-03       2.158707595263e+04 
       9.831345716623e-03       2.170318885573e+04 
       9.959738003243e-03       2.181631687352e+04 
       1.008817677672e-02       2.192648165502e+04 
       1.021666105920e-02       2.203372290237e+04 
       1.034518993828e-02       2.213807566405e+04 
       1.047376256352e-02       2.223956215311e+04 
       1.060237814335e-02       2.233823762360e+04 
       1.073103594205e-02       2.243411783815e+04 
       1.085973527701e-02       2.252723793492e+04 
       1.098847551625e-02       2.261763010814e+04 
       1.111725607597e-02       2.270533952422e+04 
       1.124607641841e-02       2.279038042804e+04 
       1.137493604979e-02       2.287279538470e+04 
       1.150383451839e-02       2.295261369985e+04 
       1.163277141280e-02       2.302986459393e+04 
       1.176174636028e-02       2.310457547732e+04 
       1.189075902522e-02       2.317678612748e+04 
       1.201980910771e-02       2.324652717149e+04 
       1.214889634224e-02       2.331382329299e+04 
       1.227802049645e-02       2.337870452438e+04 
       1.240718136998e-02       2.344120857893e+04 
       1.253637879345e-02       2.350135003738e+04 
       1.266561262742e-02       2.355917188005e+04 
       1.279488276150e-02       2.361470135630e+04 
       1.292418911353e-02       2.366796675450e+04 
       1.305353162874e-02       2.371899009377e+04 
       1.318291027904e-02       2.376780932629e+04 
       1.331232506238e-02       2.381444402857e+04 
       1.344177600211e-02       2.385892053920e+04 
       1.357126314638e-02       2.390127076028e+04 
       1.370078656766e-02       2.394151975199e+04 
       1.383034636225e-02       2.397969121236e+04 
       1.395994264983e-02       2.401581571016e+04 
       1.408957557305e-02       2.404990701253e+04 
       1.421924529719e-02       2.408200812770e+04 
       1.434895200984e-02       2.411213387278e+04 
       1.447869592056e-02       2.414031716611e+04 
       1.460847726069e-02       2.416657128798e+04 
       1.473829628305e-02       2.419092978015e+04 
       1.486815326177e-02       2.421341374741e+04 
       1.499804849215e-02       2.423404419258e+04 
       1.512798229044e-02       2.425285887850e+04 
       1.525795499378e-02       2.426986656969e+04 
       1.538796696007e-02       2.428510433186e+04 
       1.551801856794e-02       2.429857431177e+04 
       1.564811021664e-02       2.431032204187e+04 
       1.577824232606e-02       2.432034917335e+04 
       1.590841533672e-02       2.432869837044e+04 
       1.603862970977e-02       2.433537769868e+04 
       1.616888592704e-02       2.434042102862e+04 
       1.629918449107e-02       2.434383726564e+04 
       1.642952592524e-02       2.434567080765e+04 
       1.655991077380e-02       2.434592214443e+04 
       1.669033960204e-02       2.434461324995e+04 
       1.682081299637e-02       2.434177974153e+04 
       1.695133156452e-02       2.433742385206e+04 
       1.708189593565e-02       2.433159249949e+04 
       1.721250676060e-02       2.432428114746e+04 
       1.734316471203e-02       2.431552282837e+04 
       1.747387048467e-02       2.430535210864e+04 
       1.760462479556e-02       2.429375938837e+04 
       1.773542838429e-02       2.428078657433e+04 
       1.786628201325e-02       2.426644937831e+04 
       1.799718646795e-02       2.425076541541e+04 
       1.812814255732e-02       2.423375492677e+04 
       1.825915111400e-02       2.421542789488e+04 
       1.839021299468e-02       2.419581376370e+04 
       1.852132908048e-02       2.417494465610e+04 
       1.865250027729e-02       2.415281054216e+04 
       1.878372751619e-02       2.412946643586e+04 
       1.891501175380e-02       2.410489841716e+04 
       1.904635397274e-02       2.407915724817e+04 
       1.917775518205e-02       2.405222638201e+04 
       1.930921641768e-02       2.402416073792e+04 
       1.944073874290e-02       2.399492531943e+04 
       1.957232324884e-02       2.396461134544e+04 
       1.970397105498e-02       2.393318809435e+04 
       1.983568330969e-02       2.390069237444e+04 
       1.996746119078e-02       2.386712521531e+04 
       2.009930590602e-02       2.383252020756e+04 
       2.023121869379e-02       2.379689607675e+04 
       2.036320082366e-02       2.376024500482e+04 
       2.049525359701e-02       2.372259530522e+04 
       2.062737834768e-02       2.368401634532e+04 
       2.075957644265e-02       2.364443820464e+04 
       2.089184928271e-02       2.360395682034e+04 
       2.102419830321e-02       2.356253810707e+04 
       2.115662497476e-02       2.352022465959e+04 
       2.128913080401e-02       2.347700250700e+04 
       2.142171733444e-02       2.343292433829e+04 
       2.155438614715e-02       2.338797530372e+04 
       2.168713886172e-02       2.334219597869e+04 
       2.181997713705e-02       2.329561613409e+04 
       2.195290267226e-02       2.324819633348e+04 
       2.208591720761e-02       2.319998924104e+04 
       2.221902252545e-02       2.315098363461e+04 
       2.235222045117e-02       2.310126353726e+04 
       2.248551285423e-02       2.305079122624e+04 
       2.261890164921e-02       2.299956711984e+04 
       2.275238879683e-02       2.294763048529e+04 
       2.288597630511e-02       2.289501905678e+04 
       2.301966623048e-02       2.284166286191e+04 
       2.315346067894e-02       2.278766783642e+04 
       2.328736180729e-02       2.273301708013e+04 
       2.342137182440e-02       2.267774219916e+04 
       2.355549299244e-02       2.262178055908e+04 
       2.368972762825e-02       2.256523286672e+04 
       2.382407810472e-02       2.250808178421e+04 
       2.395854685216e-02       2.245033129405e+04 
       2.409313635979e-02       2.239197731631e+04 
       2.422784917725e-02       2.233310945308e+04 
       2.436268791613e-02       2.227370826373e+04 
       2.449765525160e-02       2.221369255500e+04 
       2.463275392404e-02       2.215320572460e+04 
       2.476798674078e-02       2.209220440248e+04 
       2.490335657782e-02       2.203068607454e+04 
       2.503886638172e-02       2.196868985154e+04 
       2.517451917140e-02       2.190620677581e+04 
       2.531031804018e-02       2.184330250311e+04 
       2.544626615769e-02       2.177992219578e+04 
       2.558236677203e-02       2.171609933652e+04 
       2.571862321189e-02       2.165189001302e+04 
       2.585503888873e-02       2.158720356775e+04 
       2.599161729916e-02       2.152219597233e+04 
       2.612836202722e-02       2.145671324046e+04 
       2.626527674692e-02       2.139083382260e+04 
       2.640236522471e-02       2.132466354620e+04 
       2.653963132215e-02       2.125812411405e+04 
       2.667707899864e-02       2.119124178808e+04 
       2.681471231420e-02       2.112396687278e+04 
       2.695253543241e-02       2.105636724493e+04 
       2.709055262343e-02       2.098849542129e+04 
       2.722876826714e-02       2.092036328527e+04 
       2.736718685636e-02       2.085185972582e+04 
       2.750581300021e-02       2.078306641340e+04 
       2.764465142764e-02       2.071402683733e+04 
       2.778370699100e-02       2.064473470802e+04 
       2.792298466978e-02       2.057515428186e+04 
       2.806248957455e-02       2.050535820764e+04 
       2.820222695096e-02       2.043527871049e+04 
       2.834220218393e-02       2.036506471822e+04 
       2.848242080199e-02       2.029449616432e+04 
       2.862288848184e-02       2.022379153783e+04 
       2.876361105302e-02       2.015294303449e+04 
       2.890459450275e-02       2.008181018302e+04 
       2.904584498107e-02       2.001053855215e+04 
       2.918736880608e-02       1.993904353999e+04 
       2.932917246939e-02       1.986744410729e+04 
       2.947126264190e-02       1.979564361485e+04 
       2.961364617968e-02       1.972372212257e+04 
       2.975633013016e-02       1.965161369470e+04 
       2.989932173860e-02       1.957932845060e+04 
       3.004262845479e-02       1.950705847379e+04 
       3.018625794001e-02       1.943452532052e+04 
       3.033021807436e-02       1.936196875689e+04 
       3.047451696433e-02       1.928922533356e+04 
       3.061916295076e-02       1.921641940898e+04 
       3.076416461710e-02       1.914352368595e+04 
       3.090953079805e-02       1.907049444447e+04 
       3.105527058859e-02       1.899739270018e+04 
       3.120139335341e-02       1.892428213029e+04 
       3.134790873677e-02       1.885101379714e+04 
       3.149482667279e-02       1.877772919098e+04 
       3.164215739625e-02       1.870436345302e+04 
       3.178991145386e-02       1.863095441663e+04 
       3.193809971605e-02       1.855749837521e+04 
       3.208673338939e-02       1.848397944621e+04 
       3.223582402951e-02       1.841044790870e+04 
       3.238538355469e-02       1.833683412370e+04 
       3.253542426012e-02       1.826322165136e+04 
       3.268595883284e-02       1.818966082624e+04 
       3.283700036745e-02       1.811597046967e+04 
       3.298856238256e-02       1.804233031456e+04 
       3.314065883812e-02       1.796863958453e+04 
       3.329330415363e-02       1.789496582919e+04 
       3.344651322726e-02       1.782126014853e+04 
       3.360030145602e-02       1.774756551955e+04 
       3.375468475696e-02       1.767390578362e+04 
       3.390967958947e-02       1.760025975968e+04 
       3.406530297889e-02       1.752658139370e+04 
       3.422157254129e-02       1.745294900320e+04 
       3.437850650968e-02       1.737933894454e+04 
       3.453612376166e-02       1.730569256786e+04 
       3.469444384863e-02       1.723208449579e+04 
       3.485348702669e-02       1.715860203807e+04 
       3.501327428925e-02       1.708507759256e+04 
       3.517382740164e-02       1.701157845972e+04 
       3.533516893764e-02       1.693814197211e+04 
       3.549732231831e-02       1.686467521735e+04 
       3.566031185309e-02       1.679124401333e+04 
       3.582416278340e-02       1.671788470961e+04 
       3.598890132898e-02       1.664460705685e+04 
       3.615455473709e-02       1.657128489416e+04 
       3.632115133485e-02       1.649805374687e+04 
       3.648872058491e-02       1.642487346658e+04 
       3.665729314474e-02       1.635168646640e+04 
       3.682690092985e-02       1.627855363614e+04 
       3.699757718115e-02       1.620546340715e+04 
       3.716935653689e-02       1.613243938469e+04 
       3.734227510957e-02       1.605944076515e+04 
       3.751637056802e-02       1.598651834087e+04 
       3.769168222544e-02       1.591356186574e+04 
       3.786825113351e-02       1.584068709386e+04 
       3.804612018346e-02       1.576786870561e+04 
       3.822533421436e-02       1.569508514021e+04 
       3.840594012958e-02       1.562229690708e+04 
       3.858798702194e-02       1.554956076662e+04 
       3.877152630844e-02       1.547685818169e+04 
       3.895661187537e-02       1.540415454096e+04 
       3.914330023495e-02       1.533153868872e+04 
       3.933165069431e-02       1.525890618368e+04 
       3.952172553832e-02       1.518634599286e+04 
       3.971359022733e-02       1.511370762321e+04 
       3.990731361156e-02       1.504114366405e+04 
       4.010296816364e-02       1.496856070556e+04 
       4.030063023124e-02       1.489598647697e+04 
       4.050038031187e-02       1.482338413364e+04 
       4.070230335223e-02       1.475082076765e+04 
       4.090648907472e-02       1.467825240758e+04 
       4.111303233409e-02       1.460562620946e+04 
       4.132203350766e-02       1.453301187789e+04 
       4.153359892279e-02       1.446035401800e+04 
       4.174784132605e-02       1.438764321170e+04 
       4.196488039893e-02       1.431489953700e+04 
       4.218484332567e-02       1.424205802401e+04 
       4.240786541952e-02       1.416917257526e+04 
       4.263409081490e-02       1.409621171668e+04 
       4.286367323351e-02       1.402315502941e+04 
       4.309677683428e-02       1.395003690825e+04 
       4.333357715799e-02       1.387677940557e+04 
       4.357426217940e-02       1.380340433397e+04 
       4.381903348169e-02       1.372986124096e+04 
       4.406810757030e-02       1.365622040210e+04 
       4.432171734623e-02       1.358234519020e+04 
       4.458011376212e-02       1.350835812096e+04 
       4.484356768846e-02       1.343410169216e+04 
       4.511237202211e-02       1.335965538961e+04 
       4.538684407515e-02       1.328496741434e+04 
       4.566732828888e-02       1.320998933797e+04 
       4.595419932639e-02       1.313472815165e+04 
       4.624786560728e-02       1.305913952348e+04 
       4.654877336067e-02       1.298318798344e+04 
       4.685741128790e-02       1.290687800761e+04 
       4.717431594517e-02       1.283015566060e+04 
       4.750007797975e-02       1.275296112523e+04 
       4.783534938198e-02       1.267528344639e+04 
       4.818085195145e-02       1.259702931673e+04 
       4.853738722056e-02       1.251821630824e+04 
       4.890584813500e-02       1.243877336465e+04 
       4.928723286183e-02       1.235856742670e+04 
       4.968266118569e-02       1.227758973763e+04 
       5.009339406770e-02       1.219572573819e+04 
       5.052085708692e-02       1.211295976513e+04 
       5.096666866877e-02       1.202911248100e+04 
       5.143267424114e-02       1.194408578559e+04 
       5.192098775841e-02       1.185771474250e+04 
       5.243404241391e-02       1.176990277222e+04 
       5.297465283804e-02       1.168038014145e+04 
       5.354609166721e-02       1.158899062358e+04 
       5.415218407233e-02       1.149540330888e+04 
       5.479742463067e-02       1.139930972980e+04 
       5.548712172569e-02       1.130026986031e+04 
       5.622757524319e-02       1.119780222719e+04 
       5.702629320485e-02       1.109121865431e+04 
       5.789225111537e-02       1.097964977930e+04 
       5.883619217741e-02       1.086206055176e+04 
       5.987095339195e-02       1.073685071073e+04 
       6.101177540689e-02       1.060213045367e+04 
       6.227650288213e-02       1.045531650004e+04 
       6.368549573286e-02       1.029286723288e+04 
       6.526094800616e-02       1.011022870775e+04 
       6.702518963030e-02       9.901630520984e+03 
       6.899756583992e-02       9.660298281898e+03 
       7.118992148644e-02       9.379292114549e+03 
       7.360177974689e-02       9.053108899742e+03 
       7.621756417532e-02       8.680112556093e+03 
       7.900820715554e-02       8.264561550354e+03 
       8.193714995165e-02       7.817212639903e+03 
       8.496777609633e-02       7.353997158458e+03 
       8.806883474922e-02       6.893097983431e+03 
       9.121654706505e-02       6.451952034933e+03 
       9.439421088542e-02       6.044945016618e+03 
       9.759070815544e-02       5.682053463225e+03 
       1.007988917957e-01       5.368484135214e+03 
       1.040142679403e-01       5.104928869060e+03 
       1.072340496368e-01       4.888296592412e+03 
       1.104565230506e-01       4.712542690412e+03 
       1.136806396214e-01       4.569579841420e+03 
       1.169057597324e-01       4.450172368357e+03 
       1.201314938572e-01       4.344818776860e+03 
       1.233576049433e-01       4.244527649584e+03 
       1.265839487304e-01       4.141680007270e+03 
       1.298104373734e-01       4.030553677767e+03 
       1.330370173096e-01       3.907788119601e+03 
       1.362636558082e-01       3.772466423608e+03 
       1.394903327998e-01       3.625937235120e+03 
       1.427170359156e-01       3.471344763120e+03 
       1.459437574744e-01       3.313021257654e+03 
       1.491704926539e-01       3.155789357508e+03 
       1.523972383793e-01       3.004353470366e+03 
       1.556239926474e-01       2.862762383869e+03 
       1.588507541164e-01       2.734069942809e+03 
       1.620775218550e-01       2.620137635060e+03 
       1.653042951901e-01       2.521602195997e+03 
       1.685310736132e-01       2.437959008485e+03 
       1.717578567227e-01       2.367732057061e+03 
       1.749846441890e-01       2.308705340805e+03 
       1.782114357316e-01       2.258189532576e+03 
       1.814382311062e-01       2.213274057539e+03 
       1.846650300946e-01       2.171413163347e+03 
       1.878918324998e-01       2.130036154546e+03 
       1.911186381416e-01       2.086647964821e+03 
       1.943454468540e-01       2.039760669055e+03 
       1.975722584833e-01       1.988630849122e+03 
       2.007990728864e-01       1.933288979452e+03 
       2.040258899299e-01       1.874446487163e+03 
       2.072527094891e-01       1.813297478948e+03 
       2.104795314470e-01       1.751343775373e+03 
       2.137063556942e-01       1.690110368312e+03 
       2.169331821274e-01       1.631016839476e+03 
       2.201600106499e-01       1.575240332469e+03 
       2.233868411705e-01       1.523647607329e+03 
       2.266136736031e-01       1.476771968003e+03 
       2.298405078666e-01       1.434814054391e+03 
       2.330673438845e-01       1.397658723147e+03 
       2.362941815844e-01       1.364901835265e+03 
       2.395210208979e-01       1.335895821712e+03 
       2.427478617602e-01       1.309812731670e+03 
       2.459747041099e-01       1.285738518485e+03 
       2.492015478888e-01       1.262762913514e+03 
       2.524283930420e-01       1.240071194579e+03 
       2.556552395168e-01       1.217004831352e+03 
       2.588820872637e-01       1.193110799470e+03 
       2.621089362354e-01       1.168146474256e+03 
       2.653357863869e-01       1.142078471070e+03 
       2.685626376754e-01       1.115039123875e+03 
       2.717894900602e-01       1.087322461018e+03 
       2.750163435025e-01       1.059332796585e+03 
       2.782431979653e-01       1.031531490349e+03 
       2.814700534133e-01       1.004388632045e+03 
       2.846969098127e-01       9.783424606200e+02 
       2.879237671315e-01       9.537312108732e+02 
       2.911506253389e-01       9.307744358416e+02 
       2.943774844054e-01       9.095614683377e+02 
       2.976043443031e-01       8.900540831502e+02 
       3.008312050050e-01       8.721181172127e+02 
       3.040580664854e-01       8.555441919408e+02 
       3.072849287196e-01       8.400800892950e+02 
       3.105117916840e-01       8.254561483345e+02 
       3.137386553560e-01       8.113951416752e+02 
       3.169655197138e-01       7.976396069236e+02 
       3.201923847366e-01       7.839684282529e+02 
       3.234192504045e-01       7.702074953187e+02 
       3.266461166981e-01       7.562518452747e+02 
       3.298729835990e-01       7.420654647357e+02 
       3.330998510895e-01       7.276814872220e+02 
       3.363267191526e-01       7.131834764617e+02 
       3.395535877719e-01       6.986978562064e+02 
       3.427804569315e-01       6.843514639479e+02 
       3.460073266163e-01       6.702814587228e+02 
       3.492341968116e-01       6.566049663591e+02 
       3.524610675034e-01       6.434240969681e+02 
       3.556879386781e-01       6.308165782594e+02 
       3.589148103226e-01       6.188267251053e+02 
       3.621416824244e-01       6.074686624538e+02 
       3.653685549711e-01       5.967261011807e+02 
       3.685954279511e-01       5.865416853041e+02 
       3.718223013531e-01       5.768410129698e+02 
       3.750491751662e-01       5.675265861187e+02 
       3.782760493796e-01       5.585020753075e+02 
       3.815029239834e-01       5.496823702617e+02 
       3.847297989675e-01       5.410001488190e+02 
       3.879566743225e-01       5.324008229261e+02 
       3.911835500392e-01       5.238529638900e+02 
       3.944104261085e-01       5.153371712288e+02 
       3.976373025220e-01       5.068527820801e+02 
       4.008641792713e-01       4.984067038063e+02 
       4.040910563483e-01       4.900245584022e+02 
       4.073179337451e-01       4.817387377757e+02 
       4.105448114543e-01       4.735868104815e+02 
       4.137716894684e-01       4.656073744236e+02 
       4.169985677803e-01       4.578365137241e+02 
       4.202254463833e-01       4.502961587572e+02 
       4.234523252705e-01       4.429966817336e+02 
       4.266792044356e-01       4.359419148161e+02 
       4.299060838722e-01       4.291220810737e+02 
       4.331329635743e-01       4.225333504009e+02 
       4.363598435359e-01       4.161577407706e+02 
       4.395867237513e-01       4.099783319950e+02 
       4.428136042149e-01       4.039776141147e+02 
       4.460404849214e-01       3.981264341828e+02 
       4.492673658654e-01       3.924038084691e+02 
       4.524942470419e-01       3.867798623284e+02 
       4.557211284460e-01       3.812366832270e+02 
       4.589480100727e-01       3.757610185311e+02 
       4.621748919175e-01       3.703436163293e+02 
       4.654017739757e-01       3.649889163254e+02 
       4.686286562430e-01       3.596973498557e+02 
       4.718555387150e-01       3.544739444720e+02 
       4.750824213876e-01       3.493250822144e+02 
       4.783093042567e-01       3.442592720954e+02 
       4.815361873183e-01       3.392856309551e+02 
       4.847630705686e-01       3.344120182936e+02 
       4.879899540037e-01       3.296488954422e+02 
       4.912168376202e-01       3.250064841930e+02 
       4.944437214143e-01       3.204863838359e+02 
       4.976706053826e-01       3.160878482945e+02 
       5.008974895218e-01       3.118045449586e+02 
       5.041243738286e-01       3.076254529205e+02 
       5.073512582997e-01       3.035411728341e+02 
       5.105781429320e-01       2.995438248374e+02 
       5.138050277225e-01       2.956238824863e+02 
       5.170319126682e-01       2.917738413842e+02 
       5.202587977662e-01       2.879892616360e+02 
       5.234856830137e-01       2.842610672573e+02 
       5.267125684079e-01       2.805862210705e+02 
       5.299394539462e-01       2.769597641663e+02 
       5.331663396259e-01       2.733811174979e+02 
       5.363932254444e-01       2.698509640042e+02 
       5.396201113993e-01       2.663746223902e+02 
       5.428469974881e-01       2.629539634439e+02 
       5.460738837085e-01       2.595947447040e+02 
       5.493007700580e-01       2.562975903820e+02 
       5.525276565346e-01       2.530619765990e+02 
       5.557545431358e-01       2.498885497116e+02 
       5.589814298596e-01       2.467752342953e+02 
       5.622083167038e-01       2.437219401364e+02 
       5.654352036664e-01       2.407284682643e+02 
       5.686620907454e-01       2.377943091421e+02 
       5.960044771339e-01       2.149128242226e+02 
       6.269122293649e-01       1.924322870899e+02 
       6.626576312170e-01       1.704256191633e+02 
       7.053125073526e-01       1.484698424138e+02 
       7.585064613568e-01       1.262876978176e+02 
       8.291681316902e-01       1.033883517490e+02 
       9.316253889903e-01       7.935618724199e+01 
       1.094726781128e+00       5.474426337457e+01 
       1.352040448633e+00       3.340419290056e+01 
       1.700055961727e+00       1.936025554152e+01 
       2.140209568817e+00       1.108852721505e+01 
       2.694364104880e+00       6.299017348283e+00 
       3.392003440213e+00       3.551933906459e+00 
       4.270279327777e+00       1.989465156569e+00 
       5.375963161198e+00       1.107510963520e+00 
